请输入pb均线天数:请输入证券代码:[368, 52500.0, 0.0, 48385.74, 0.92, '20120528', '20140528']
[368, 52600.0, 0.0, 48228.71, 0.92, '20120529', '20140529']
[368, 52200.0, 0.0, 47802.62, 0.92, '20120530', '20140530']
[368, 53100.0, 0.0, 48507.48, 0.91, '20120531', '20140603']
[368, 54000.0, 0.0, 49010.38, 0.91, '20120601', '20140604']
[368, 54000.0, 0.0, 49711.12, 0.92, '20120604', '20140605']
[368, 51900.0, 0.0, 46983.95, 0.91, '20120605', '20140606']
[368, 51400.0, 0.0, 46254.48, 0.9, '20120606', '20140609']
[368, 50900.0, 0.0, 46561.35, 0.91, '20120607', '20140610']
[368, 51700.0, 0.0, 47205.69, 0.91, '20120608', '20140611']
[368, 51400.0, 0.0, 46793.83, 0.91, '20120611', '20140612']
[368, 51600.0, 0.0, 47496.35, 0.92, '20120612', '20140613']
[368, 51200.0, 0.0, 47633.62, 0.93, '20120613', '20140616']
[368, 50700.0, 0.0, 46890.42, 0.92, '20120614', '20140617']
[368, 50900.0, 0.0, 46982.5, 0.92, '20120615', '20140618']
[368, 51000.0, 0.0, 46528.05, 0.91, '20120618', '20140619']
[368, 52100.0, 0.0, 48222.89, 0.93, '20120619', '20140620']
[368, 51300.0, 0.0, 47421.47, 0.92, '20120620', '20140623']
[368, 51400.0, 0.0, 47843.3, 0.93, '20120621', '20140624']
[368, 52000.0, 0.0, 48455.26, 0.93, '20120625', '20140625']
[368, 52500.0, 0.0, 49190.28, 0.94, '20120626', '20140626']
[368, 51100.0, 0.0, 47620.26, 0.93, '20120627', '20140627']
[368, 49900.0, 0.0, 46661.66, 0.94, '20120628', '20140630']
[368, 50200.0, 0.0, 47032.45, 0.94, '20120629', '20140701']
[368, 49700.0, 0.0, 46744.5, 0.94, '20120702', '20140702']
[368, 50500.0, 0.0, 47683.92, 0.94, '20120703', '20140703']
[368, 51500.0, 0.0, 48746.74, 0.95, '20120704', '20140704']
[368, 51000.0, 0.0, 48298.33, 0.95, '20120705', '20140707']
[368, 48900.0, 0.0, 45986.04, 0.94, '20120706', '20140708']
[368, 48600.0, 0.0, 44915.32, 0.92, '20120709', '20140709']
[368, 48100.0, 0.0, 44515.09, 0.93, '20120710', '20140710']
[368, 48700.0, 0.0, 45172.59, 0.93, '20120711', '20140711']
[368, 48400.0, 0.0, 45417.39, 0.94, '20120712', '20140714']
[368, 48500.0, 0.0, 45432.42, 0.94, '20120713', '20140715']
[368, 48400.0, 0.0, 45550.08, 0.94, '20120716', '20140716']
[368, 48000.0, 0.0, 45099.15, 0.94, '20120717', '20140717']
[368, 48200.0, 0.0, 45630.61, 0.95, '20120718', '20140718']
[368, 48500.0, 0.0, 46029.85, 0.95, '20120719', '20140721']
[368, 49300.0, 0.0, 47831.71, 0.97, '20120720', '20140722']
[368, 48500.0, 0.0, 47146.76, 0.97, '20120723', '20140723']
[368, 48300.0, 0.0, 47823.56, 0.99, '20120724', '20140724']
[368, 48500.0, 0.0, 48734.59, 1.0, '20120725', '20140725']
[368, 48600.0, 0.0, 50182.81, 1.03, '20120726', '20140728']
[368, 47100.0, 0.0, 48378.27, 1.03, '20120727', '20140729']
[368, 45900.0, 0.0, 46817.98, 1.02, '20120730', '20140730']
[368, 46300.0, 0.0, 43611.12, 0.94, '20120731', '20140731']
[368, 45900.0, 0.0, 46947.22, 1.02, '20120801', '20140801']
[368, 46600.0, 100.0, 48608.15, 1.05, '20120802', '20140804']
[368, 47600.0, 100.0, 49634.05, 1.04, '20120803', '20140805']
[368, 47000.0, 100.0, 48743.47, 1.04, '20120806', '20140806']
[368, 45200.0, 0.0, 46099.86, 1.02, '20120807', '20140807']
[368, 44500.0, 0.0, 45128.12, 1.01, '20120808', '20140808']
[368, 43900.0, 100.0, 45139.34, 1.03, '20120809', '20140811']
[368, 44600.0, 100.0, 45656.18, 1.03, '20120810', '20140812']
[368, 44400.0, 100.0, 45510.48, 1.03, '20120813', '20140813']
[368, 44500.0, 0.0, 41877.94, 0.94, '20120814', '20140814']
[368, 44200.0, 200.0, 45409.78, 1.03, '20120815', '20140815']
[368, 43900.0, 300.0, 45277.55, 1.04, '20120816', '20140818']
[368, 44100.0, 300.0, 45649.71, 1.04, '20120817', '20140819']
[368, 44700.0, 0.0, 42615.89, 0.95, '20120820', '20140820']
[368, 45300.0, 0.0, 44168.75, 0.98, '20120821', '20140821']
[368, 44300.0, 0.0, 43245.64, 0.98, '20120822', '20140822']
[368, 44200.0, 0.0, 46004.54, 1.04, '20120823', '20140825']
[368, 44500.0, 0.0, 46166.28, 1.04, '20120824', '20140826']
[368, 44700.0, 0.0, 46365.78, 1.04, '20120827', '20140827']
[368, 43300.0, 0.0, 44337.0, 1.02, '20120828', '20140828']
[368, 42100.0, 0.0, 43343.52, 1.03, '20120829', '20140829']
[368, 42400.0, 0.0, 43950.5, 1.04, '20120830', '20140901']
[368, 41800.0, 0.0, 43983.99, 1.05, '20120831', '20140902']
[368, 42500.0, 100.0, 44423.42, 1.05, '20120903', '20140903']
[368, 43600.0, 200.0, 46677.3, 1.08, '20120904', '20140904']
[368, 43200.0, 300.0, 46684.68, 1.09, '20120905', '20140905']
[368, 41400.0, 200.0, 44353.12, 1.08, '20120906', '20140909']
[368, 40700.0, 200.0, 43035.47, 1.06, '20120907', '20140910']
[368, 40300.0, 200.0, 42499.51, 1.06, '20120910', '20140911']
[368, 40900.0, 300.0, 43363.22, 1.07, '20120911', '20140912']
[368, 40500.0, 400.0, 42573.38, 1.06, '20120912', '20140915']
[368, 40600.0, 100.0, 42215.03, 1.04, '20120913', '20140916']
[368, 40200.0, 300.0, 41899.08, 1.05, '20120914', '20140917']
[368, 39900.0, 500.0, 41670.73, 1.06, '20120917', '20140918']
[368, 40100.0, 600.0, 42237.07, 1.07, '20120918', '20140919']
[368, 40600.0, 100.0, 42487.47, 1.05, '20120919', '20140922']
[368, 41400.0, 200.0, 44204.33, 1.07, '20120920', '20140923']
[368, 40300.0, 400.0, 43601.43, 1.09, '20120921', '20140924']
[368, 40200.0, 400.0, 43138.23, 1.08, '20120924', '20140925']
[368, 40300.0, 500.0, 43270.87, 1.09, '20120925', '20140926']
[368, 40100.0, 600.0, 43060.14, 1.09, '20120926', '20140929']
[368, 38900.0, 600.0, 41365.45, 1.08, '20120927', '20140930']
[368, 37500.0, 700.0, 39957.93, 1.08, '20120928', '20141008']
[368, 37700.0, 700.0, 40266.99, 1.09, '20121008', '20141009']
[368, 37100.0, 600.0, 39524.54, 1.08, '20121009', '20141010']
[368, 37800.0, 700.0, 39972.02, 1.08, '20121010', '20141013']
[368, 38800.0, 700.0, 40988.57, 1.07, '20121011', '20141014']
[368, 38400.0, 900.0, 40708.33, 1.08, '20121012', '20141015']
[368, 36800.0, 700.0, 38716.09, 1.07, '20121015', '20141016']
[368, 36600.0, 700.0, 38256.24, 1.06, '20121016', '20141017']
[368, 36200.0, 700.0, 38146.78, 1.07, '20121017', '20141020']
[368, 36700.0, 700.0, 38377.05, 1.06, '20121018', '20141021']
[368, 36500.0, 800.0, 37725.42, 1.06, '20121019', '20141022']
[368, 36400.0, 300.0, 37654.37, 1.04, '20121022', '20141023']
[368, 36200.0, 400.0, 37506.91, 1.05, '20121023', '20141024']
[368, 35600.0, 500.0, 37080.57, 1.06, '20121024', '20141027']
[368, 35700.0, 800.0, 37031.35, 1.06, '20121025', '20141028']
[368, 36300.0, 500.0, 38600.6, 1.08, '20121026', '20141029']
[368, 36800.0, 500.0, 39803.5, 1.1, '20121029', '20141030']
[368, 35800.0, 700.0, 39227.78, 1.12, '20121030', '20141031']
[368, 35800.0, 800.0, 38967.19, 1.11, '20121031', '20141103']
[368, 35800.0, 900.0, 38934.54, 1.11, '20121101', '20141104']
[368, 35500.0, 900.0, 38407.33, 1.11, '20121102', '20141105']
[368, 34700.0, 900.0, 37284.27, 1.1, '20121105', '20141106']
[368, 33600.0, 1000.0, 35770.09, 1.09, '20121106', '20141107']
[368, 33700.0, 1300.0, 36602.68, 1.12, '20121107', '20141110']
[368, 33500.0, 1300.0, 36232.48, 1.12, '20121108', '20141111']
[368, 34200.0, 1500.0, 37378.97, 1.14, '20121109', '20141112']
[368, 35100.0, 1400.0, 38345.22, 1.13, '20121112', '20141113']
[368, 34700.0, 1500.0, 37916.05, 1.14, '20121113', '20141114']
[368, 33200.0, 1200.0, 36019.02, 1.12, '20121114', '20141117']
[368, 33000.0, 1200.0, 35328.16, 1.11, '20121115', '20141118']
[368, 32600.0, 1200.0, 34944.05, 1.11, '20121116', '20141119']
[368, 33300.0, 1200.0, 35760.13, 1.11, '20121119', '20141120']
[368, 33200.0, 1600.0, 35796.76, 1.13, '20121120', '20141121']
[368, 33100.0, 1400.0, 36919.51, 1.16, '20121121', '20141124']
[368, 32800.0, 1700.0, 36823.36, 1.17, '20121122', '20141125']
[368, 32200.0, 2000.0, 36226.35, 1.19, '20121123', '20141126']
[368, 32300.0, 2500.0, 36176.78, 1.2, '20121126', '20141127']
[368, 32600.0, 2500.0, 37566.04, 1.23, '20121127', '20141128']
[368, 32900.0, 2500.0, 38438.74, 1.24, '20121128', '20141201']
[368, 32000.0, 3200.0, 38090.72, 1.29, '20121129', '20141202']
[368, 31800.0, 3400.0, 37985.32, 1.3, '20121130', '20141203']
[368, 32100.0, 4100.0, 40369.72, 1.39, '20121203', '20141204']
[368, 31900.0, 4400.0, 39357.16, 1.37, '20121204', '20141205']
[368, 31000.0, 4900.0, 39281.26, 1.43, '20121205', '20141208']
[368, 30000.0, 4000.0, 36230.35, 1.34, '20121206', '20141209']
[368, 30100.0, 4700.0, 37034.56, 1.39, '20121207', '20141210']
[368, 29700.0, 4600.0, 36162.05, 1.37, '20121210', '20141211']
[368, 30400.0, 4800.0, 37023.7, 1.38, '20121211', '20141212']
[368, 31400.0, 4800.0, 39015.82, 1.4, '20121212', '20141215']
[368, 30800.0, 5300.0, 38624.05, 1.43, '20121213', '20141216']
[368, 29400.0, 5300.0, 36959.31, 1.44, '20121214', '20141217']
[368, 29000.0, 5300.0, 36138.58, 1.43, '20121217', '20141218']
[368, 28600.0, 5600.0, 36007.86, 1.45, '20121218', '20141219']
[368, 29300.0, 5800.0, 36533.44, 1.44, '20121219', '20141222']
[368, 29100.0, 5700.0, 35214.16, 1.41, '20121220', '20141223']
[368, 29200.0, 4900.0, 35205.8, 1.37, '20121221', '20141224']
[368, 28800.0, 5900.0, 35134.57, 1.42, '20121224', '20141225']
[368, 28300.0, 6700.0, 35086.9, 1.48, '20121225', '20141226']
[368, 28400.0, 7300.0, 34282.57, 1.46, '20121226', '20141229']
[368, 28500.0, 7300.0, 34546.1, 1.47, '20121227', '20141230']
[368, 28700.0, 7900.0, 35813.04, 1.52, '20121228', '20141231']
[368, 27800.0, 9100.0, 34275.22, 1.56, '20121231', '20150105']
[368, 27800.0, 9100.0, 33943.35, 1.55, '20130104', '20150106']
[368, 27900.0, 9900.0, 33518.3, 1.56, '20130107', '20150107']
[368, 27800.0, 9700.0, 32506.1, 1.52, '20130108', '20150108']
[368, 27300.0, 10200.0, 30983.44, 1.51, '20130109', '20150109']
[368, 26400.0, 9000.0, 30323.99, 1.49, '20130110', '20150112']
[368, 26700.0, 9700.0, 30127.45, 1.49, '20130111', '20150113']
[368, 26500.0, 9600.0, 29882.61, 1.49, '20130114', '20150114']
[368, 27100.0, 10400.0, 30941.96, 1.53, '20130115', '20150115']
[368, 28200.0, 10600.0, 32997.12, 1.55, '20130116', '20150116']
[368, 27500.0, 9500.0, 29249.77, 1.41, '20130117', '20150119']
[368, 26800.0, 9800.0, 28723.91, 1.44, '20130118', '20150120']
[368, 26400.0, 10700.0, 28545.54, 1.49, '20130121', '20150121']
[368, 26100.0, 11100.0, 27907.14, 1.49, '20130122', '20150122']
[368, 26700.0, 11400.0, 28638.29, 1.5, '20130123', '20150123']
[368, 26600.0, 11300.0, 28518.22, 1.5, '20130124', '20150126']
[368, 26700.0, 10300.0, 29425.42, 1.49, '20130125', '20150127']
[368, 26300.0, 11000.0, 27766.19, 1.47, '20130128', '20150128']
[368, 26200.0, 11500.0, 26981.8, 1.47, '20130129', '20150129']
[368, 26300.0, 11800.0, 26272.64, 1.45, '20130130', '20150130']
[368, 26300.0, 11300.0, 26190.8, 1.43, '20130131', '20150202']
[368, 26800.0, 12400.0, 27181.71, 1.48, '20130201', '20150203']
[368, 26200.0, 13300.0, 25104.76, 1.47, '20130204', '20150204']
[368, 26200.0, 13100.0, 24872.54, 1.45, '20130205', '20150205']
[368, 26400.0, 13500.0, 24600.12, 1.44, '20130206', '20150206']
[368, 26200.0, 13600.0, 24224.34, 1.44, '20130207', '20150209']
[368, 25800.0, 14400.0, 23393.08, 1.46, '20130208', '20150210']
[368, 24900.0, 13300.0, 22932.62, 1.46, '20130218', '20150211']
[368, 25000.0, 14100.0, 22504.24, 1.46, '20130219', '20150212']
[368, 25200.0, 14100.0, 23020.71, 1.47, '20130220', '20150213']
[368, 25900.0, 15000.0, 23500.62, 1.49, '20130221', '20150216']
[368, 26900.0, 15300.0, 25213.62, 1.51, '20130222', '20150217']
[368, 26100.0, 14000.0, 24335.74, 1.47, '20130225', '20150225']
[368, 25600.0, 14800.0, 23637.63, 1.5, '20130226', '20150226']
[368, 25300.0, 15700.0, 22219.68, 1.5, '20130227', '20150227']
[368, 24900.0, 16300.0, 21398.17, 1.51, '20130228', '20150302']
[368, 25500.0, 16100.0, 21759.91, 1.48, '20130301', '20150303']
[368, 25400.0, 16100.0, 21483.94, 1.48, '20130304', '20150304']
[368, 25400.0, 14800.0, 22586.25, 1.47, '20130305', '20150305']
[368, 25400.0, 15400.0, 21909.7, 1.47, '20130306', '20150306']
[368, 25400.0, 16300.0, 21666.58, 1.49, '20130307', '20150309']
[368, 25700.0, 16500.0, 21463.16, 1.48, '20130308', '20150310']
[368, 25700.0, 16100.0, 21937.89, 1.48, '20130311', '20150311']
[368, 26600.0, 17600.0, 22951.38, 1.52, '20130312', '20150312']
[368, 26000.0, 18600.0, 21130.21, 1.53, '20130313', '20150313']
[368, 26000.0, 18700.0, 21557.07, 1.55, '20130314', '20150316']
[368, 26300.0, 19400.0, 21851.45, 1.57, '20130315', '20150317']
[368, 25900.0, 19900.0, 21150.09, 1.58, '20130318', '20150318']
[368, 25600.0, 20700.0, 19666.97, 1.58, '20130319', '20150319']
[368, 24600.0, 19800.0, 18997.12, 1.58, '20130320', '20150320']
[368, 24500.0, 21000.0, 18210.57, 1.6, '20130321', '20150323']
[368, 24800.0, 20900.0, 18859.03, 1.6, '20130322', '20150324']
[368, 25000.0, 21500.0, 18550.29, 1.6, '20130325', '20150325']
[368, 25900.0, 21900.0, 19990.41, 1.62, '20130326', '20150326']
[368, 25200.0, 20500.0, 19888.65, 1.6, '20130327', '20150327']
[368, 24500.0, 21800.0, 18265.45, 1.64, '20130328', '20150330']
[368, 24300.0, 22400.0, 16905.29, 1.62, '20130329', '20150331']
[368, 24300.0, 23300.0, 16519.55, 1.64, '20130401', '20150401']
[368, 24800.0, 23200.0, 17340.26, 1.63, '20130402', '20150402']
[368, 24200.0, 23300.0, 16222.29, 1.63, '20130403', '20150403']
[368, 24600.0, 22700.0, 18195.95, 1.66, '20130408', '20150407']
[368, 24700.0, 23500.0, 17723.93, 1.67, '20130409', '20150408']
[368, 24600.0, 24100.0, 16854.11, 1.66, '20130410', '20150409']
[368, 24800.0, 24700.0, 16800.47, 1.67, '20130411', '20150410']
[368, 24800.0, 24800.0, 17262.04, 1.7, '20130412', '20150413']
[368, 25500.0, 26300.0, 17662.03, 1.72, '20130415', '20150414']
[368, 24800.0, 27000.0, 15179.28, 1.7, '20130416', '20150415']
[368, 24900.0, 27700.0, 15416.59, 1.73, '20130417', '20150416']
[368, 25300.0, 28900.0, 15545.84, 1.76, '20130418', '20150417']
[368, 24600.0, 29000.0, 13342.41, 1.72, '20130419', '20150420']
[368, 24400.0, 30100.0, 12068.97, 1.73, '20130422', '20150421']
[368, 23800.0, 29700.0, 11789.79, 1.74, '20130423', '20150422']
[368, 23800.0, 31000.0, 10455.97, 1.74, '20130424', '20150423']
[368, 24100.0, 30700.0, 11378.76, 1.75, '20130425', '20150424']
[368, 24200.0, 31900.0, 10794.89, 1.76, '20130426', '20150427']
[368, 24800.0, 32100.0, 11862.29, 1.77, '20130502', '20150428']
[368, 24100.0, 30300.0, 12082.2, 1.76, '20130503', '20150429']
[368, 23000.0, 30700.0, 9486.26, 1.75, '20130506', '20150430']
[368, 22700.0, 31500.0, 7818.01, 1.73, '20130507', '20150504']
[368, 22700.0, 31400.0, 7429.34, 1.71, '20130508', '20150505']
[368, 23200.0, 30900.0, 8608.24, 1.7, '20130509', '20150506']
[368, 22600.0, 30300.0, 7519.84, 1.67, '20130510', '20150507']
[368, 22900.0, 30200.0, 8854.18, 1.71, '20130513', '20150508']
[368, 23100.0, 31700.0, 8222.25, 1.73, '20130514', '20150511']
[368, 23000.0, 32600.0, 7284.15, 1.73, '20130515', '20150512']
[368, 23200.0, 33000.0, 6839.57, 1.72, '20130516', '20150513']
[368, 23100.0, 33100.0, 6798.19, 1.73, '20130517', '20150514']
[368, 23700.0, 34200.0, 7108.4, 1.74, '20130520', '20150515']
[368, 23100.0, 34600.0, 5069.83, 1.72, '20130521', '20150518']
[368, 23100.0, 36000.0, 4352.26, 1.75, '20130522', '20150519']
[368, 23600.0, 37200.0, 4468.67, 1.77, '20130523', '20150520']
[368, 23200.0, 37700.0, 2987.4, 1.75, '20130524', '20150521']
[368, 22900.0, 39400.0, 761.18, 1.75, '20130527', '20150522']
[368, 21900.0, 29700.0, 8140.12, 1.73, '20130528', '20150525']
[368, 22200.0, 31000.0, 7437.53, 1.73, '20130529', '20150526']
[368, 22400.0, 30700.0, 8149.59, 1.73, '20130530', '20150527']
[368, 22200.0, 31900.0, 6880.78, 1.75, '20130531', '20150528']
[368, 22400.0, 32100.0, 7230.0, 1.76, '20130603', '20150529']
[368, 21900.0, 30300.0, 7887.98, 1.74, '20130604', '20150601']
[368, 21000.0, 30700.0, 5725.15, 1.73, '20130605', '20150602']
[368, 20700.0, 31500.0, 4045.25, 1.72, '20130606', '20150603']
[368, 20800.0, 31400.0, 4003.06, 1.7, '20130607', '20150604']
[368, 21200.0, 30900.0, 5021.05, 1.69, '20130613', '20150605']
[368, 20800.0, 30300.0, 4360.1, 1.67, '20130614', '20150608']
[368, 21100.0, 30200.0, 5632.82, 1.7, '20130617', '20150609']
[368, 21100.0, 31700.0, 4470.25, 1.71, '20130618', '20150610']
[368, 21000.0, 32600.0, 3506.99, 1.72, '20130619', '20150611']
[368, 21400.0, 33000.0, 3538.98, 1.71, '20130620', '20150612']
[368, 21500.0, 33100.0, 3920.78, 1.72, '20130621', '20150615']
[368, 22200.0, 34200.0, 4475.65, 1.74, '20130624', '20150616']
[368, 21800.0, 34600.0, 2805.03, 1.72, '20130625', '20150617']
[368, 21700.0, 36000.0, 1832.05, 1.74, '20130626', '20150618']
[368, 22100.0, 37200.0, 1726.49, 1.76, '20130627', '20150619']
[368, 21700.0, 37700.0, 204.07, 1.75, '20130628', '20150623']
[368, 21500.0, 30100.0, 6877.82, 1.72, '20130701', '20150624']
[368, 20700.0, 29700.0, 6008.09, 1.73, '20130702', '20150625']
[368, 21000.0, 31000.0, 5300.51, 1.73, '20130703', '20150626']
[368, 21100.0, 30700.0, 5836.72, 1.73, '20130704', '20150629']
[368, 20800.0, 31900.0, 4309.19, 1.74, '20130705', '20150630']
[368, 21100.0, 32100.0, 4877.55, 1.75, '20130708', '20150701']
[368, 20500.0, 30300.0, 5302.99, 1.74, '20130709', '20150702']
[368, 19600.0, 30700.0, 3138.56, 1.73, '20130710', '20150703']
[368, 19100.0, 31500.0, 1043.68, 1.7, '20130711', '20150706']
[368, 19000.0, 31400.0, 694.64, 1.69, '20130712', '20150707']
[368, 19100.0, 30900.0, 1079.97, 1.67, '20130715', '20150708']
[368, 18700.0, 30300.0, 514.7, 1.65, '20130716', '20150709']
[368, 19000.0, 30200.0, 1703.68, 1.68, '20130717', '20150710']
[368, 19100.0, 31700.0, 630.41, 1.69, '20130718', '20150713']
[368, 19000.0, 29800.0, 1415.42, 1.64, '20130719', '20150714']
[368, 19000.0, 29700.0, 931.48, 1.61, '20130722', '20150715']
[368, 19000.0, 29900.0, 1129.6, 1.63, '20130723', '20150716']
[368, 19000.0, 26300.0, 5449.68, 1.67, '20130724', '20150717']
[368, 18600.0, 27000.0, 3604.24, 1.65, '20130725', '20150720']
[368, 18500.0, 27700.0, 3102.13, 1.66, '20130726', '20150721']
[368, 19000.0, 28900.0, 3220.36, 1.69, '20130729', '20150722']
[368, 18800.0, 29000.0, 2433.03, 1.67, '20130730', '20150723']
[368, 18900.0, 30100.0, 1548.81, 1.67, '20130731', '20150724']
[368, 18100.0, 29700.0, 550.87, 1.67, '20130801', '20150727']
[368, 18400.0, 31600.0, 198.65, 1.73, '20130802', '20150728']
[368, 18500.0, 30700.0, 431.49, 1.68, '20130805', '20150729']
[368, 18300.0, 30400.0, 582.14, 1.69, '20130806', '20150730']
[368, 18300.0, 30800.0, 354.4, 1.7, '20130807', '20150731']
[368, 17700.0, 25800.0, 2528.95, 1.6, '20130808', '20150803']
[368, 17100.0, 26000.0, 1416.48, 1.6, '20130809', '20150804']
[368, 17100.0, 27200.0, 373.18, 1.61, '20130812', '20150805']
[368, 16700.0, 23300.0, 3784.57, 1.62, '20130813', '20150806']
[368, 17000.0, 26800.0, 1.86, 1.58, '20130814', '20150807']
[368, 16700.0, 23300.0, 3484.51, 1.6, '20130815', '20150810']
[368, 16800.0, 22700.0, 4597.46, 1.62, '20130816', '20150811']
[368, 16800.0, 23500.0, 3767.73, 1.62, '20130819', '20150812']
[368, 16500.0, 24100.0, 2494.56, 1.61, '20130820', '20150813']
[368, 16600.0, 24700.0, 1869.85, 1.6, '20130821', '20150814']
[368, 16800.0, 24800.0, 2601.5, 1.63, '20130822', '20150817']
[368, 16800.0, 26300.0, 1220.53, 1.64, '20130823', '20150818']
[368, 16300.0, 26200.0, 330.65, 1.63, '20130826', '20150819']
[368, 16100.0, 24600.0, 937.67, 1.59, '20130827', '20150820']
[368, 16400.0, 25400.0, 713.23, 1.59, '20130828', '20150821']
[368, 16400.0, 20600.0, 4175.89, 1.51, '20130829', '20150824']
[368, 17200.0, 20700.0, 4625.79, 1.47, '20130830', '20150825']
[368, 16800.0, 24000.0, 1415.36, 1.51, '20130902', '20150826']
[368, 16300.0, 24900.0, 621.4, 1.57, '20130903', '20150827']
[368, 16500.0, 26000.0, 62.11, 1.58, '20130904', '20150828']
[368, 16300.0, 25700.0, 60.16, 1.58, '20130905', '20150831']
[368, 16300.0, 25700.0, 238.75, 1.59, '20130906', '20150901']
[368, 15600.0, 24100.0, 219.37, 1.56, '20130909', '20150902']
[368, 15600.0, 21800.0, 2439.62, 1.55, '20130910', '20150907']
[368, 15500.0, 22400.0, 2501.37, 1.61, '20130911', '20150908']
[368, 15100.0, 23700.0, 491.53, 1.6, '20130912', '20150909']
[368, 15400.0, 23400.0, 1064.44, 1.59, '20130913', '20150910']
[368, 15000.0, 23500.0, 213.8, 1.58, '20130916', '20150911']
[368, 15300.0, 22700.0, 1356.5, 1.57, '20130917', '20150914']
[368, 16000.0, 23500.0, 1434.42, 1.56, '20130918', '20150915']
[368, 14700.0, 22000.0, 952.04, 1.56, '20130923', '20150916']
[368, 15200.0, 21500.0, 1326.61, 1.5, '20130924', '20150917']
[368, 15400.0, 24400.0, 482.31, 1.62, '20130925', '20150918']
[368, 15000.0, 23400.0, 292.44, 1.58, '20130926', '20150921']
[368, 14500.0, 18600.0, 3554.88, 1.53, '20130927', '20150922']
[368, 14700.0, 21900.0, 537.38, 1.53, '20130930', '20150923']
[368, 14900.0, 21800.0, 902.23, 1.52, '20131008', '20150924']
[368, 15000.0, 20600.0, 2051.52, 1.51, '20131009', '20150925']
[368, 15700.0, 20700.0, 2802.21, 1.5, '20131010', '20150928']
[368, 15700.0, 19800.0, 3208.51, 1.47, '20131011', '20150929']
[368, 15300.0, 21000.0, 2174.93, 1.51, '20131014', '20150930']
[368, 15100.0, 21500.0, 1766.57, 1.54, '20131015', '20151008']
[368, 14700.0, 21700.0, 1270.16, 1.56, '20131016', '20151009']
[368, 14700.0, 22500.0, 791.6, 1.58, '20131017', '20151012']
[368, 14500.0, 21100.0, 1363.35, 1.55, '20131018', '20151013']
[368, 14600.0, 22000.0, 997.83, 1.58, '20131021', '20151014']
[368, 14500.0, 23000.0, 204.9, 1.6, '20131022', '20151015']
[368, 14400.0, 22500.0, 197.13, 1.58, '20131023', '20151016']
[368, 14500.0, 23200.0, 84.39, 1.61, '20131024', '20151019']
[368, 14100.0, 20900.0, 786.99, 1.54, '20131025', '20151020']
[368, 14100.0, 22300.0, 465.46, 1.61, '20131028', '20151021']
[368, 14800.0, 22200.0, 814.85, 1.56, '20131029', '20151022']
[368, 13700.0, 21300.0, 148.27, 1.57, '20131030', '20151023']
[368, 14100.0, 17400.0, 3583.99, 1.49, '20131031', '20151026']
[368, 14300.0, 21200.0, 709.03, 1.53, '20131101', '20151027']
[368, 13600.0, 18200.0, 2604.05, 1.53, '20131104', '20151028']
[368, 13200.0, 19300.0, 940.11, 1.53, '20131105', '20151029']
[368, 13500.0, 19300.0, 1249.36, 1.52, '20131106', '20151030']
[368, 13800.0, 19400.0, 1639.55, 1.52, '20131107', '20151102']
[368, 14000.0, 20600.0, 756.91, 1.53, '20131108', '20151103']
[368, 14600.0, 21400.0, 842.66, 1.52, '20131111', '20151104']
[368, 14800.0, 20900.0, 1334.44, 1.5, '20131112', '20151105']
[368, 14500.0, 21000.0, 1154.01, 1.53, '20131113', '20151106']
[368, 14200.0, 21500.0, 575.26, 1.55, '20131114', '20151109']
[368, 13600.0, 22200.0, 150.18, 1.64, '20131115', '20151110']
[368, 13600.0, 21900.0, 114.53, 1.62, '20131118', '20151111']
[368, 13500.0, 20600.0, 435.9, 1.56, '20131119', '20151112']
[368, 13800.0, 20500.0, 1050.79, 1.56, '20131120', '20151113']
[368, 13600.0, 21100.0, 593.96, 1.6, '20131121', '20151116']
[368, 13300.0, 20400.0, 614.8, 1.58, '20131122', '20151117']
[368, 13300.0, 19900.0, 569.47, 1.54, '20131125', '20151118']
[368, 12700.0, 18800.0, 739.38, 1.54, '20131126', '20151119']
[368, 12600.0, 16800.0, 2459.48, 1.53, '20131127', '20151120']
[368, 13300.0, 17500.0, 2603.6, 1.51, '20131128', '20151123']
[368, 12200.0, 18400.0, 330.03, 1.54, '20131129', '20151124']
[368, 12300.0, 17400.0, 888.07, 1.49, '20131202', '20151125']
[368, 12600.0, 18300.0, 745.74, 1.51, '20131203', '20151126']
[368, 12000.0, 18200.0, 251.38, 1.54, '20131204', '20151127']
[368, 11600.0, 18000.0, 201.72, 1.57, '20131205', '20151130']
[368, 11800.0, 17300.0, 771.06, 1.53, '20131206', '20151201']
[368, 12100.0, 16700.0, 1866.77, 1.53, '20131209', '20151202']
[368, 12100.0, 15400.0, 2974.42, 1.52, '20131210', '20151203']
[368, 12700.0, 15800.0, 3310.29, 1.5, '20131211', '20151204']
[368, 13000.0, 15100.0, 4084.72, 1.48, '20131212', '20151207']
[368, 12500.0, 16000.0, 2782.05, 1.5, '20131213', '20151208']
[368, 12400.0, 19000.0, 261.77, 1.55, '20131216', '20151209']
[368, 12000.0, 17000.0, 1684.71, 1.56, '20131217', '20151210']
[368, 12400.0, 19600.0, 59.43, 1.59, '20131218', '20151211']
[368, 12200.0, 18700.0, 139.47, 1.54, '20131219', '20151214']
[368, 12600.0, 19200.0, 461.58, 1.56, '20131220', '20151215']
[368, 12400.0, 19500.0, 282.18, 1.6, '20131223', '20151216']
[368, 12100.0, 18900.0, 201.94, 1.58, '20131224', '20151217']
[368, 12000.0, 18300.0, 502.31, 1.57, '20131225', '20151218']
[368, 11400.0, 17400.0, 88.24, 1.53, '20131226', '20151221']
[368, 11400.0, 16800.0, 597.41, 1.53, '20131227', '20151222']
[368, 12200.0, 17500.0, 922.9, 1.51, '20131230', '20151223']
[368, 11200.0, 17200.0, 2.05, 1.54, '20131231', '20151224']
[368, 11300.0, 16800.0, 518.96, 1.53, '20140102', '20151225']
[368, 11600.0, 17400.0, 110.38, 1.51, '20140103', '20151228']
[368, 11200.0, 17100.0, 470.89, 1.57, '20140106', '20151229']
[368, 10800.0, 15000.0, 1878.57, 1.56, '20140107', '20151230']
[368, 10900.0, 16700.0, 74.1, 1.54, '20140108', '20151231']
[368, 12100.0, 16700.0, 1370.24, 1.49, '20140109', '20160104']
[368, 12200.0, 15400.0, 2492.82, 1.47, '20140110', '20160105']
[368, 12200.0, 15800.0, 2181.99, 1.47, '20140113', '20160106']
[368, 13700.0, 15100.0, 4052.96, 1.4, '20140114', '20160107']
[368, 12700.0, 16000.0, 2313.28, 1.44, '20140115', '20160108']
[368, 13300.0, 16500.0, 2594.68, 1.44, '20140116', '20160111']
[368, 13000.0, 15400.0, 3371.61, 1.44, '20140117', '20160112']
[368, 13700.0, 16000.0, 3883.96, 1.45, '20140120', '20160113']
[368, 13100.0, 16200.0, 2592.17, 1.43, '20140121', '20160114']
[368, 13800.0, 16300.0, 3291.35, 1.42, '20140122', '20160115']
[368, 13700.0, 16800.0, 3034.23, 1.45, '20140123', '20160118']
[368, 12900.0, 16300.0, 2607.07, 1.47, '20140124', '20160119']
[368, 13100.0, 16100.0, 2866.35, 1.45, '20140127', '20160120']
[368, 12800.0, 14000.0, 3958.77, 1.4, '20140128', '20160121']
[368, 12700.0, 13400.0, 4373.37, 1.4, '20140129', '20160122']
[368, 13400.0, 14200.0, 4484.27, 1.39, '20140130', '20160125']
[368, 13600.0, 14600.0, 4354.49, 1.39, '20140207', '20160126']
[368, 13800.0, 14100.0, 4523.2, 1.35, '20140210', '20160127']
[368, 14300.0, 13900.0, 5335.77, 1.35, '20140211', '20160128']
[368, 13300.0, 13900.0, 4395.42, 1.38, '20140212', '20160129']
[368, 13200.0, 13700.0, 4342.7, 1.37, '20140213', '20160201']
[368, 12900.0, 13500.0, 3981.87, 1.36, '20140214', '20160202']
[368, 14000.0, 13100.0, 5637.43, 1.34, '20140217', '20160203']
[368, 13900.0, 11500.0, 6623.77, 1.3, '20140218', '20160204']
[368, 14000.0, 11600.0, 6575.33, 1.3, '20140219', '20160205']
[368, 15700.0, 10800.0, 8505.3, 1.23, '20140220', '20160215']
[368, 14100.0, 11600.0, 6606.72, 1.29, '20140221', '20160216']
[368, 14700.0, 12400.0, 6785.26, 1.31, '20140224', '20160217']
[368, 14300.0, 12400.0, 6444.94, 1.32, '20140225', '20160218']
[368, 14900.0, 13000.0, 6785.67, 1.33, '20140226', '20160219']
[368, 14100.0, 13100.0, 5527.2, 1.32, '20140227', '20160222']
[368, 15200.0, 11800.0, 7832.59, 1.29, '20140228', '20160223']
[368, 14900.0, 13200.0, 6649.28, 1.33, '20140303', '20160224']
[368, 15200.0, 13100.0, 6701.91, 1.3, '20140304', '20160225']
[368, 15100.0, 12500.0, 7044.21, 1.29, '20140305', '20160226']
[368, 15300.0, 11500.0, 7538.54, 1.24, '20140306', '20160229']
[368, 15000.0, 10900.0, 7727.59, 1.24, '20140307', '20160301']
[368, 15000.0, 11800.0, 7134.77, 1.26, '20140310', '20160302']
[368, 15300.0, 11500.0, 8012.75, 1.28, '20140311', '20160303']
[368, 15600.0, 12300.0, 8080.83, 1.31, '20140312', '20160304']
[368, 16100.0, 12600.0, 8163.78, 1.29, '20140313', '20160307']
[368, 15100.0, 12600.0, 7424.39, 1.33, '20140314', '20160308']
[368, 15200.0, 10800.0, 8798.63, 1.29, '20140317', '20160309']
[368, 15300.0, 10600.0, 8727.39, 1.26, '20140318', '20160310']
[368, 16500.0, 10700.0, 9861.06, 1.25, '20140319', '20160311']
[368, 15900.0, 11500.0, 8313.53, 1.25, '20140320', '20160314']
[368, 16200.0, 11600.0, 8617.2, 1.25, '20140321', '20160315']
[368, 17900.0, 10800.0, 10681.63, 1.2, '20140324', '20160316']
[368, 15900.0, 11200.0, 8433.11, 1.23, '20140325', '20160317']
[368, 16100.0, 10600.0, 9208.48, 1.23, '20140326', '20160318']
[368, 15200.0, 9800.0, 8941.06, 1.23, '20140327', '20160321']
[368, 15900.0, 10800.0, 9203.53, 1.26, '20140328', '20160322']
[368, 15200.0, 10100.0, 8505.06, 1.22, '20140331', '20160323']
[368, 16600.0, 10500.0, 9812.85, 1.22, '20140401', '20160324']
[368, 16300.0, 11300.0, 9123.95, 1.25, '20140402', '20160325']
[368, 16800.0, 10800.0, 10262.21, 1.25, '20140403', '20160328']
[368, 16800.0, 10400.0, 10290.73, 1.23, '20140404', '20160329']
[368, 16600.0, 8400.0, 11851.01, 1.22, '20140408', '20160330']
[368, 16500.0, 8000.0, 12017.0, 1.21, '20140409', '20160331']
[368, 16100.0, 9100.0, 10242.01, 1.2, '20140410', '20160401']
[368, 16300.0, 8800.0, 11196.45, 1.23, '20140411', '20160405']
[368, 16500.0, 9100.0, 10888.84, 1.21, '20140414', '20160406']
[368, 17500.0, 9900.0, 11719.96, 1.24, '20140415', '20160407']
[368, 16500.0, 8800.0, 11283.07, 1.22, '20140416', '20160408']
[368, 16500.0, 8500.0, 11376.91, 1.2, '20140417', '20160411']
[368, 16600.0, 8400.0, 11338.21, 1.19, '20140418', '20160412']
[368, 17600.0, 8500.0, 12471.58, 1.19, '20140421', '20160413']
[368, 16700.0, 6200.0, 13397.16, 1.17, '20140422', '20160414']
[368, 17400.0, 6300.0, 14455.64, 1.19, '20140423', '20160415']
[368, 19400.0, 10000.0, 12941.42, 1.18, '20140424', '20160418']
[368, 17400.0, 6600.0, 13669.65, 1.16, '20140425', '20160419']
[368, 17900.0, 7400.0, 13332.21, 1.16, '20140428', '20160420']
[368, 17000.0, 6800.0, 12617.56, 1.14, '20140429', '20160421']
[368, 17600.0, 7200.0, 13131.91, 1.16, '20140430', '20160422']
[368, 16800.0, 7500.0, 11781.79, 1.15, '20140505', '20160425']
[368, 18300.0, 7300.0, 13848.1, 1.16, '20140506', '20160426']
[368, 18200.0, 7800.0, 13415.98, 1.17, '20140507', '20160427']
[368, 18700.0, 7600.0, 14167.54, 1.16, '20140508', '20160428']
[368, 19100.0, 7700.0, 14440.32, 1.16, '20140509', '20160429']
[368, 19100.0, 7000.0, 15016.62, 1.15, '20140512', '20160503']
[368, 19000.0, 6900.0, 14816.79, 1.14, '20140513', '20160504']
[368, 18800.0, 6700.0, 14421.3, 1.12, '20140514', '20160505']
[368, 19400.0, 6700.0, 15216.29, 1.13, '20140515', '20160506']
[368, 20000.0, 7500.0, 15352.11, 1.14, '20140516', '20160509']
[368, 20700.0, 7700.0, 15706.38, 1.13, '20140519', '20160510']
[368, 19700.0, 7200.0, 15208.35, 1.14, '20140520', '20160511']
[368, 19700.0, 4900.0, 16959.02, 1.11, '20140521', '20160512']
[368, 19800.0, 4900.0, 16787.91, 1.1, '20140522', '20160513']
[368, 20300.0, 4900.0, 17244.21, 1.09, '20140523', '20160516']
[368, 19500.0, 5100.0, 15735.31, 1.07, '20140526', '20160517']
[368, 20400.0, 6300.0, 15950.51, 1.09, '20140527', '20160518']
[368, 22300.0, 5800.0, 17921.42, 1.06, '20140528', '20160519']
[368, 20000.0, 5100.0, 16076.75, 1.06, '20140529', '20160520']
[368, 20000.0, 5000.0, 16052.35, 1.05, '20140530', '20160523']
[368, 19300.0, 3500.0, 16802.31, 1.05, '20140603', '20160524']
[368, 19900.0, 5100.0, 16303.64, 1.08, '20140604', '20160525']
[368, 19100.0, 4300.0, 15834.94, 1.05, '20140605', '20160526']
[368, 20600.0, 3200.0, 18464.99, 1.05, '20140606', '20160527']
[368, 20400.0, 5000.0, 17036.66, 1.08, '20140609', '20160530']
[368, 20400.0, 4500.0, 17830.95, 1.09, '20140610', '20160531']
[368, 20800.0, 4200.0, 18434.57, 1.09, '20140611', '20160601']
[368, 20900.0, 4000.0, 18575.02, 1.08, '20140612', '20160602']
[368, 20800.0, 3400.0, 19085.19, 1.08, '20140613', '20160603']
[368, 20600.0, 3800.0, 18057.32, 1.06, '20140616', '20160606']
[368, 21100.0, 3900.0, 18801.93, 1.08, '20140617', '20160607']
[368, 21700.0, 3400.0, 19667.86, 1.06, '20140618', '20160608']
[368, 22800.0, 3800.0, 20323.94, 1.06, '20140619', '20160613']
[368, 21700.0, 3400.0, 19298.17, 1.05, '20140620', '20160614']
[368, 21700.0, 3200.0, 19687.35, 1.05, '20140623', '20160615']
[368, 21900.0, 2300.0, 20825.03, 1.06, '20140624', '20160616']
[368, 22300.0, 3300.0, 20295.03, 1.06, '20140625', '20160617']
[368, 21500.0, 2700.0, 19629.17, 1.04, '20140626', '20160620']
[368, 22300.0, 2300.0, 20974.47, 1.04, '20140627', '20160621']
[368, 24200.0, 2800.0, 22425.58, 1.04, '20140630', '20160622']
[368, 21900.0, 3200.0, 19425.46, 1.03, '20140701', '20160623']
[368, 22200.0, 1700.0, 20646.61, 1.01, '20140702', '20160624']
[368, 21300.0, 1100.0, 20535.57, 1.02, '20140703', '20160627']
[368, 21700.0, 1500.0, 20524.37, 1.01, '20140704', '20160628']
[368, 20900.0, 1500.0, 19796.55, 1.02, '20140707', '20160629']
[368, 22400.0, 1900.0, 21041.64, 1.02, '20140708', '20160630']
[368, 22200.0, 1800.0, 20987.87, 1.03, '20140709', '20160701']
[368, 22000.0, 1600.0, 21283.08, 1.04, '20140710', '20160704']
[368, 22300.0, 1400.0, 21835.56, 1.04, '20140711', '20160705']
[368, 22400.0, 1000.0, 22492.6, 1.05, '20140714', '20160706']
[368, 22200.0, 900.0, 22420.76, 1.05, '20140715', '20160707']
[368, 22200.0, 2500.0, 20725.41, 1.05, '20140716', '20160708']
[368, 22700.0, 1400.0, 22560.14, 1.06, '20140717', '20160711']
[368, 23000.0, 1700.0, 23035.69, 1.08, '20140718', '20160712']
[368, 23800.0, 1800.0, 24342.84, 1.1, '20140721', '20160713']
[368, 22900.0, 1100.0, 23706.78, 1.08, '20140722', '20160714']
[368, 22900.0, 1100.0, 23696.28, 1.08, '20140723', '20160715']
[368, 23200.0, 1200.0, 23704.71, 1.07, '20140724', '20160718']
[368, 23600.0, 1300.0, 23900.7, 1.07, '20140725', '20160719']
[368, 22900.0, 300.0, 23759.65, 1.05, '20140728', '20160720']
[368, 23600.0, 1700.0, 23588.65, 1.07, '20140729', '20160721']
[368, 25700.0, 2100.0, 25177.53, 1.06, '20140730', '20160722']
[368, 23300.0, 1500.0, 23105.84, 1.06, '20140731', '20160725']
[368, 23600.0, 400.0, 24604.87, 1.06, '20140801', '20160726']
[368, 23000.0, 0.0, 23798.96, 1.03, '20140804', '20160727']
[368, 23300.0, 0.0, 24191.01, 1.04, '20140805', '20160728']
[368, 22700.0, 0.0, 23372.13, 1.03, '20140806', '20160729']
[368, 24300.0, 200.0, 24776.71, 1.03, '20140807', '20160801']
[368, 23800.0, 0.0, 24500.86, 1.03, '20140808', '20160802']
[368, 23700.0, 0.0, 24449.4, 1.03, '20140811', '20160803']
[368, 24100.0, 0.0, 24991.37, 1.04, '20140812', '20160804']
[368, 24400.0, 0.0, 25454.53, 1.04, '20140813', '20160805']
[368, 24100.0, 0.0, 25138.01, 1.04, '20140814', '20160808']
[368, 23900.0, 800.0, 24093.32, 1.04, '20140815', '20160809']
[368, 24300.0, 0.0, 25512.53, 1.05, '20140818', '20160810']
[368, 24800.0, 0.0, 26043.83, 1.05, '20140819', '20160811']
[368, 25200.0, 400.0, 26849.63, 1.08, '20140820', '20160812']
[368, 24100.0, 0.0, 26601.45, 1.1, '20140821', '20160815']
[368, 24200.0, 0.0, 26659.66, 1.1, '20140822', '20160816']
[368, 24700.0, 400.0, 26788.14, 1.1, '20140825', '20160817']
[368, 25200.0, 0.0, 27565.56, 1.09, '20140826', '20160818']
[368, 25000.0, 300.0, 26776.59, 1.08, '20140827', '20160819']
[368, 25800.0, 1700.0, 26395.09, 1.09, '20140828', '20160822']
[368, 27900.0, 2100.0, 28271.54, 1.09, '20140829', '20160823']
[368, 25600.0, 1500.0, 26174.86, 1.08, '20140901', '20160824']
[368, 25900.0, 400.0, 27226.26, 1.07, '20140902', '20160825']
[368, 25500.0, 0.0, 27073.74, 1.06, '20140903', '20160826']
[368, 25800.0, 0.0, 27402.3, 1.06, '20140904', '20160829']
[368, 25000.0, 0.0, 26541.22, 1.06, '20140905', '20160830']
[368, 26500.0, 200.0, 28177.66, 1.07, '20140909', '20160831']
[368, 26200.0, 0.0, 27753.26, 1.06, '20140910', '20160901']
[368, 26100.0, 0.0, 27823.15, 1.07, '20140911', '20160902']
[368, 26500.0, 0.0, 28360.57, 1.07, '20140912', '20160905']
[368, 26700.0, 0.0, 28862.61, 1.08, '20140915', '20160906']
[368, 26400.0, 0.0, 28332.24, 1.07, '20140916', '20160907']
[368, 26200.0, 800.0, 27100.66, 1.06, '20140917', '20160908']
[368, 26700.0, 0.0, 28609.59, 1.07, '20140918', '20160909']
[368, 27500.0, 0.0, 28957.56, 1.05, '20140919', '20160912']
[368, 27900.0, 400.0, 29301.02, 1.06, '20140922', '20160913']
[368, 26800.0, 0.0, 28143.86, 1.05, '20140923', '20160914']
[368, 26800.0, 0.0, 28336.62, 1.06, '20140924', '20160919']
[368, 27200.0, 0.0, 28715.37, 1.06, '20140925', '20160920']
[368, 27500.0, 0.0, 29004.12, 1.05, '20140926', '20160921']
[368, 27200.0, 0.0, 28691.89, 1.05, '20140929', '20160922']
[368, 27900.0, 1400.0, 28295.17, 1.06, '20140930', '20160923']
[368, 30200.0, 1800.0, 29830.11, 1.05, '20141008', '20160926']
[368, 27800.0, 400.0, 28514.23, 1.04, '20141009', '20160927']
[368, 28400.0, 0.0, 29490.25, 1.04, '20141010', '20160928']
[368, 28000.0, 0.0, 29171.1, 1.04, '20141013', '20160929']
[368, 28300.0, 0.0, 29584.33, 1.05, '20141014', '20160930']
[368, 27300.0, 0.0, 28723.26, 1.05, '20141015', '20161010']
[368, 28700.0, 200.0, 30203.06, 1.06, '20141016', '20161011']
[368, 28300.0, 0.0, 29911.2, 1.06, '20141017', '20161012']
[368, 28200.0, 0.0, 29857.07, 1.06, '20141020', '20161013']
[368, 28600.0, 0.0, 30418.55, 1.06, '20141021', '20161014']
[368, 28900.0, 0.0, 30511.47, 1.06, '20141022', '20161017']
[368, 28400.0, 0.0, 30124.29, 1.06, '20141023', '20161018']
[368, 28100.0, 800.0, 28825.35, 1.05, '20141024', '20161019']
[368, 28600.0, 0.0, 30425.05, 1.06, '20141027', '20161020']
[368, 29300.0, 0.0, 31403.59, 1.07, '20141028', '20161021']
[368, 29500.0, 400.0, 31916.89, 1.1, '20141029', '20161024']
[368, 28400.0, 0.0, 30819.42, 1.09, '20141030', '20161025']
[368, 28400.0, 0.0, 30747.94, 1.08, '20141031', '20161026']
[368, 28900.0, 0.0, 31229.87, 1.08, '20141103', '20161027']
[368, 29300.0, 0.0, 31466.67, 1.07, '20141104', '20161028']
[368, 29500.0, 0.0, 31394.55, 1.06, '20141105', '20161031']
[368, 30000.0, 1400.0, 31038.82, 1.08, '20141106', '20161101']
[368, 32400.0, 1800.0, 33019.91, 1.07, '20141107', '20161102']
[368, 29800.0, 400.0, 31533.21, 1.07, '20141110', '20161103']
[368, 30500.0, 0.0, 32592.05, 1.07, '20141111', '20161104']
[368, 30000.0, 0.0, 32051.87, 1.07, '20141112', '20161107']
[368, 30200.0, 0.0, 32446.13, 1.07, '20141113', '20161108']
[368, 29300.0, 0.0, 31210.53, 1.07, '20141114', '20161109']
[368, 30400.0, 200.0, 32656.34, 1.08, '20141117', '20161110']
[368, 29900.0, 0.0, 32597.26, 1.09, '20141118', '20161111']
[368, 29700.0, 0.0, 32485.59, 1.09, '20141119', '20161114']
[368, 30000.0, 0.0, 32838.52, 1.09, '20141120', '20161115']
[368, 30400.0, 0.0, 33336.47, 1.1, '20141121', '20161116']
[368, 29800.0, 0.0, 32513.28, 1.09, '20141124', '20161117']
[368, 29600.0, 800.0, 31186.95, 1.08, '20141125', '20161118']
[368, 30000.0, 0.0, 32925.18, 1.1, '20141126', '20161121']
[368, 30400.0, 0.0, 33800.11, 1.11, '20141127', '20161122']
[368, 30600.0, 400.0, 33993.37, 1.12, '20141128', '20161123']
[368, 29500.0, 0.0, 33035.87, 1.12, '20141201', '20161124']
[368, 29400.0, 0.0, 33306.51, 1.13, '20141202', '20161125']
[368, 29700.0, 0.0, 33807.62, 1.14, '20141203', '20161128']
[368, 30100.0, 0.0, 34365.68, 1.14, '20141204', '20161129']
[368, 30500.0, 0.0, 34252.71, 1.12, '20141205', '20161130']
[368, 30900.0, 1400.0, 33882.72, 1.14, '20141208', '20161201']
[368, 33300.0, 1800.0, 35836.5, 1.13, '20141209', '20161202']
[368, 30800.0, 400.0, 33446.02, 1.1, '20141210', '20161205']
[368, 31500.0, 0.0, 34586.35, 1.1, '20141211', '20161206']
[368, 30900.0, 0.0, 34050.95, 1.1, '20141212', '20161207']
[368, 31000.0, 0.0, 34258.3, 1.11, '20141215', '20161208']
[368, 30100.0, 0.0, 33289.28, 1.11, '20141216', '20161209']
[368, 31600.0, 200.0, 33960.4, 1.08, '20141217', '20161212']
[368, 31100.0, 0.0, 33572.58, 1.08, '20141218', '20161213']
[368, 30800.0, 0.0, 33091.83, 1.07, '20141219', '20161214']
[368, 31300.0, 0.0, 33308.84, 1.06, '20141222', '20161215']
[368, 31700.0, 0.0, 33784.88, 1.07, '20141223', '20161216']
[368, 31000.0, 0.0, 32717.03, 1.06, '20141224', '20161219']
[368, 30900.0, 800.0, 31411.54, 1.04, '20141225', '20161220']
[368, 31100.0, 0.0, 33092.8, 1.06, '20141226', '20161221']
[368, 31500.0, 0.0, 33559.97, 1.07, '20141229', '20161222']
[368, 31700.0, 400.0, 33430.7, 1.07, '20141230', '20161223']
[368, 30500.0, 0.0, 32443.22, 1.06, '20141231', '20161226']
[368, 30500.0, 0.0, 32409.61, 1.06, '20150105', '20161227']
[368, 30800.0, 0.0, 32570.56, 1.06, '20150106', '20161228']
[368, 31200.0, 0.0, 32862.22, 1.05, '20150107', '20161229']
[368, 31500.0, 0.0, 32976.81, 1.05, '20150108', '20161230']
[368, 31800.0, 1400.0, 32589.81, 1.07, '20150109', '20170103']
[368, 34100.0, 1800.0, 34989.88, 1.08, '20150112', '20170104']
[368, 31500.0, 400.0, 33195.58, 1.07, '20150113', '20170105']
[368, 32300.0, 0.0, 34352.6, 1.06, '20150114', '20170106']
[368, 31600.0, 0.0, 33699.22, 1.07, '20150115', '20170109']
[368, 31600.0, 0.0, 33637.9, 1.06, '20150116', '20170110']
[368, 30800.0, 0.0, 32388.92, 1.05, '20150119', '20170111']
[368, 32400.0, 200.0, 33838.58, 1.05, '20150120', '20170112']
[368, 31900.0, 0.0, 33566.76, 1.05, '20150121', '20170113']
[368, 31600.0, 0.0, 33284.73, 1.05, '20150122', '20170116']
[368, 32100.0, 0.0, 33922.43, 1.06, '20150123', '20170117']
[368, 32400.0, 0.0, 34514.73, 1.07, '20150126', '20170118']
[368, 31700.0, 0.0, 33426.69, 1.05, '20150127', '20170119']
[368, 31500.0, 800.0, 32525.72, 1.06, '20150128', '20170120']
[368, 31700.0, 0.0, 33342.1, 1.05, '20150129', '20170123']
[368, 32100.0, 0.0, 33882.86, 1.06, '20150130', '20170124']
[368, 32200.0, 400.0, 34020.14, 1.07, '20150202', '20170125']
[368, 30900.0, 0.0, 32948.93, 1.07, '20150203', '20170126']
[368, 31000.0, 0.0, 32871.15, 1.06, '20150204', '20170203']
[368, 31200.0, 0.0, 33096.84, 1.06, '20150205', '20170206']
[368, 31600.0, 0.0, 33311.2, 1.05, '20150206', '20170207']
[368, 31800.0, 0.0, 33522.32, 1.05, '20150209', '20170208']
[368, 32000.0, 1400.0, 32780.22, 1.07, '20150210', '20170209']
[368, 34300.0, 1800.0, 35057.11, 1.07, '20150211', '20170210']
[368, 31500.0, 400.0, 33195.58, 1.07, '20150212', '20170213']
[368, 32300.0, 100.0, 34524.76, 1.07, '20150213', '20170214']
[368, 31600.0, 100.0, 33628.78, 1.07, '20150216', '20170215']
[368, 31600.0, 100.0, 33804.16, 1.07, '20150217', '20170216']
[368, 30800.0, 0.0, 32388.92, 1.05, '20150225', '20170217']
[368, 32400.0, 400.0, 34693.21, 1.08, '20150226', '20170220']
[368, 31900.0, 300.0, 34251.38, 1.08, '20150227', '20170221']
[368, 31600.0, 300.0, 34110.35, 1.09, '20150302', '20170222']
[368, 32100.0, 400.0, 34466.95, 1.09, '20150303', '20170223']
[368, 32400.0, 400.0, 34815.59, 1.09, '20150304', '20170224']
[368, 31700.0, 300.0, 33659.78, 1.07, '20150305', '20170227']
[368, 31500.0, 1200.0, 32411.45, 1.07, '20150306', '20170228']
[368, 31700.0, 400.0, 33815.09, 1.08, '20150309', '20170301']
[368, 32100.0, 300.0, 34328.43, 1.08, '20150310', '20170302']
[368, 32200.0, 700.0, 34234.53, 1.08, '20150311', '20170303']
[368, 30900.0, 300.0, 33174.25, 1.08, '20150312', '20170306']
[368, 31000.0, 400.0, 33242.41, 1.09, '20150313', '20170307']
[368, 31200.0, 400.0, 33522.79, 1.09, '20150316', '20170308']
[368, 31600.0, 300.0, 33596.13, 1.07, '20150317', '20170309']
[368, 31800.0, 200.0, 33708.78, 1.07, '20150318', '20170310']
[368, 32000.0, 1800.0, 32998.16, 1.09, '20150319', '20170313']
[368, 34300.0, 2200.0, 35047.43, 1.09, '20150320', '20170314']
[368, 31500.0, 800.0, 33164.52, 1.08, '20150323', '20170315']
[368, 32300.0, 600.0, 34456.94, 1.09, '20150324', '20170316']
[368, 31600.0, 500.0, 33385.97, 1.07, '20150325', '20170317']
[368, 31600.0, 500.0, 33433.66, 1.07, '20150326', '20170320']
[368, 30800.0, 500.0, 32644.6, 1.08, '20150327', '20170321']
[368, 32400.0, 800.0, 34023.57, 1.07, '20150330', '20170322']
[368, 31900.0, 700.0, 33683.77, 1.08, '20150331', '20170323']
[368, 31600.0, 800.0, 33659.29, 1.09, '20150401', '20170324']
[368, 32100.0, 900.0, 34006.68, 1.09, '20150402', '20170327']
[368, 32400.0, 800.0, 34435.68, 1.09, '20150403', '20170328']
[368, 31700.0, 700.0, 33475.05, 1.08, '20150407', '20170329']
[368, 31500.0, 1400.0, 32060.92, 1.06, '20150408', '20170330']
[368, 31700.0, 600.0, 33664.11, 1.08, '20150409', '20170331']
[368, 32100.0, 700.0, 34667.53, 1.1, '20150410', '20170405']
[368, 32200.0, 1200.0, 34564.39, 1.11, '20150413', '20170406']
[368, 30900.0, 800.0, 33378.03, 1.11, '20150414', '20170407']
[368, 31000.0, 800.0, 33411.56, 1.1, '20150415', '20170410']
[368, 31200.0, 900.0, 33644.66, 1.11, '20150416', '20170411']
[368, 31600.0, 700.0, 34001.88, 1.1, '20150417', '20170412']
[368, 31800.0, 600.0, 34215.03, 1.09, '20150420', '20170413']
[368, 32000.0, 2100.0, 32946.2, 1.1, '20150421', '20170414']
[368, 34300.0, 2400.0, 35070.86, 1.09, '20150422', '20170417']
[368, 31500.0, 1000.0, 33041.27, 1.08, '20150423', '20170418']
[368, 32300.0, 600.0, 34456.94, 1.09, '20150424', '20170419']
[368, 31600.0, 500.0, 33385.97, 1.07, '20150427', '20170420']
[368, 31600.0, 600.0, 33518.27, 1.08, '20150428', '20170421']
[368, 31000.0, 500.0, 32448.91, 1.06, '20150429', '20170424']
[368, 32500.0, 800.0, 33995.26, 1.07, '20150430', '20170425']
[368, 32000.0, 700.0, 33637.62, 1.07, '20150504', '20170426']
[368, 31700.0, 800.0, 33315.64, 1.08, '20150505', '20170427']
[368, 32400.0, 900.0, 33885.76, 1.07, '20150506', '20170428']
[368, 32900.0, 800.0, 34508.83, 1.07, '20150507', '20170502']
[368, 32300.0, 700.0, 33562.58, 1.06, '20150508', '20170503']
[368, 32100.0, 1400.0, 32352.37, 1.05, '20150511', '20170504']
[368, 32400.0, 600.0, 33584.4, 1.06, '20150512', '20170505']
[368, 32900.0, 700.0, 33828.45, 1.05, '20150513', '20170508']
[368, 33000.0, 1200.0, 33797.32, 1.06, '20150514', '20170509']
[368, 31800.0, 800.0, 32587.28, 1.05, '20150515', '20170510']
[368, 31800.0, 800.0, 32762.61, 1.06, '20150518', '20170511']
[368, 31800.0, 900.0, 32961.68, 1.06, '20150519', '20170512']
[368, 32200.0, 700.0, 33562.7, 1.06, '20150520', '20170515']
[368, 32300.0, 600.0, 33936.09, 1.07, '20150521', '20170516']
[368, 32600.0, 2100.0, 32846.62, 1.07, '20150522', '20170517']
[368, 34900.0, 2400.0, 34893.3, 1.07, '20150525', '20170518']
[368, 32100.0, 1000.0, 33040.52, 1.06, '20150526', '20170519']
[368, 33000.0, 600.0, 34433.72, 1.06, '20150527', '20170522']
[368, 32300.0, 500.0, 33901.52, 1.07, '20150528', '20170523']
[368, 32300.0, 600.0, 33830.78, 1.07, '20150529', '20170524']
[368, 31300.0, 500.0, 33412.48, 1.08, '20150601', '20170525']
[368, 32800.0, 800.0, 34819.94, 1.09, '20150602', '20170526']
[368, 32300.0, 700.0, 34396.94, 1.09, '20150603', '20170531']
[368, 32000.0, 800.0, 34128.34, 1.09, '20150604', '20170601']
[368, 32700.0, 900.0, 34748.71, 1.09, '20150605', '20170602']
[368, 33300.0, 800.0, 35301.66, 1.08, '20150608', '20170605']
[368, 32600.0, 700.0, 34679.74, 1.09, '20150609', '20170606']
[368, 32300.0, 1400.0, 33924.2, 1.09, '20150610', '20170607']
[368, 32500.0, 600.0, 35585.59, 1.11, '20150611', '20170608']
[368, 33000.0, 700.0, 36375.83, 1.12, '20150612', '20170609']
[368, 33100.0, 1200.0, 36239.3, 1.13, '20150615', '20170612']
[368, 31800.0, 800.0, 32587.28, 1.05, '20150616', '20170613']
[368, 31900.0, 800.0, 34797.3, 1.12, '20150617', '20170614']
[368, 31900.0, 900.0, 34612.25, 1.11, '20150618', '20170615']
[368, 32300.0, 700.0, 35037.24, 1.11, '20150619', '20170616']
[368, 32300.0, 600.0, 33936.09, 1.07, '20150623', '20170619']
[368, 32600.0, 2100.0, 32846.62, 1.07, '20150624', '20170620']
[368, 34900.0, 2500.0, 36961.29, 1.13, '20150625', '20170621']
[368, 32100.0, 1100.0, 34970.35, 1.12, '20150626', '20170622']
[368, 33000.0, 700.0, 36770.88, 1.14, '20150629', '20170623']
[368, 32300.0, 800.0, 36287.87, 1.15, '20150630', '20170626']
[368, 32300.0, 900.0, 36231.3, 1.15, '20150701', '20170627']
[368, 31300.0, 700.0, 34886.46, 1.14, '20150702', '20170628']
[368, 32800.0, 1100.0, 36547.02, 1.15, '20150703', '20170629']
[368, 32300.0, 1200.0, 35819.38, 1.15, '20150706', '20170630']
[368, 32000.0, 1300.0, 35297.18, 1.14, '20150707', '20170703']
[368, 32700.0, 1300.0, 35843.06, 1.14, '20150708', '20170704']
[368, 33300.0, 1300.0, 37043.04, 1.15, '20150709', '20170705']
[368, 32600.0, 1300.0, 35966.66, 1.14, '20150710', '20170706']
[368, 32300.0, 2000.0, 34665.84, 1.14, '20150713', '20170707']
[368, 32500.0, 1300.0, 36073.44, 1.15, '20150714', '20170710']
[368, 33000.0, 1400.0, 36963.74, 1.16, '20150715', '20170711']
[368, 33100.0, 1900.0, 36673.05, 1.17, '20150716', '20170712']
[368, 31800.0, 1600.0, 35636.02, 1.17, '20150717', '20170713']
[368, 31900.0, 1700.0, 35896.36, 1.18, '20150720', '20170714']
[368, 31900.0, 1700.0, 35425.99, 1.16, '20150721', '20170717']
[368, 32300.0, 1500.0, 35952.91, 1.16, '20150722', '20170718']
[368, 32300.0, 1600.0, 36385.04, 1.18, '20150723', '20170719']
[368, 32600.0, 3200.0, 35502.18, 1.19, '20150724', '20170720']
[368, 34900.0, 3600.0, 37654.53, 1.18, '20150727', '20170721']
[368, 32100.0, 2200.0, 35710.38, 1.18, '20150728', '20170724']
[368, 33000.0, 1800.0, 36941.63, 1.17, '20150729', '20170725']
[368, 32300.0, 2000.0, 35677.75, 1.17, '20150730', '20170726']
[368, 32300.0, 2100.0, 35708.25, 1.17, '20150731', '20170727']
[368, 31300.0, 1900.0, 34713.65, 1.17, '20150803', '20170728']
[368, 32800.0, 2400.0, 36237.46, 1.18, '20150804', '20170731']
[368, 32300.0, 2600.0, 35741.7, 1.19, '20150805', '20170801']
[368, 32000.0, 2700.0, 35359.88, 1.19, '20150806', '20170802']
[368, 32700.0, 2600.0, 35961.81, 1.18, '20150807', '20170803']
[368, 33300.0, 2600.0, 36486.91, 1.17, '20150810', '20170804']
[368, 32600.0, 2600.0, 35643.49, 1.17, '20150811', '20170807']
[368, 32300.0, 3300.0, 34336.1, 1.17, '20150812', '20170808']
[368, 32500.0, 2500.0, 35813.46, 1.18, '20150813', '20170809']
[368, 33000.0, 2500.0, 36440.99, 1.18, '20150814', '20170810']
[368, 33100.0, 2800.0, 35852.51, 1.17, '20150817', '20170811']
[368, 31800.0, 2600.0, 34788.88, 1.18, '20150818', '20170814']
[368, 31900.0, 2800.0, 34805.92, 1.18, '20150819', '20170815']
[368, 31900.0, 2800.0, 34765.94, 1.18, '20150820', '20170816']
[368, 32300.0, 2700.0, 35461.1, 1.18, '20150821', '20170817']
[368, 32300.0, 2800.0, 35165.8, 1.18, '20150824', '20170818']
[368, 32600.0, 4400.0, 34264.81, 1.19, '20150825', '20170821']
[368, 34900.0, 4900.0, 36563.61, 1.19, '20150826', '20170822']
[368, 32100.0, 3500.0, 34523.12, 1.18, '20150827', '20170823']
[368, 33000.0, 3000.0, 35947.29, 1.18, '20150828', '20170824']
[368, 32300.0, 3500.0, 35205.0, 1.2, '20150831', '20170825']
[368, 32300.0, 3700.0, 35446.6, 1.21, '20150901', '20170828']
[368, 31300.0, 3500.0, 34207.64, 1.2, '20150902', '20170829']
[368, 32800.0, 3800.0, 35803.15, 1.21, '20150907', '20170830']
[368, 32300.0, 3800.0, 35140.52, 1.21, '20150908', '20170831']
[368, 32000.0, 3900.0, 34798.58, 1.21, '20150909', '20170901']
[368, 32700.0, 3900.0, 35812.36, 1.21, '20150910', '20170904']
[368, 33300.0, 3900.0, 36720.55, 1.22, '20150911', '20170905']
[368, 32600.0, 3900.0, 35502.7, 1.21, '20150914', '20170906']
[368, 32300.0, 4500.0, 34089.13, 1.19, '20150915', '20170907']
[368, 32500.0, 3700.0, 35598.8, 1.21, '20150916', '20170908']
[368, 33000.0, 3800.0, 36280.98, 1.21, '20150917', '20170911']
[368, 33100.0, 4100.0, 36490.49, 1.23, '20150918', '20170912']
[368, 31800.0, 3900.0, 34946.93, 1.22, '20150921', '20170913']
[368, 31900.0, 4000.0, 34847.66, 1.22, '20150922', '20170914']
[368, 31900.0, 3900.0, 35019.49, 1.22, '20150923', '20170915']
[368, 32300.0, 3900.0, 35499.75, 1.22, '20150924', '20170918']
[368, 32300.0, 3900.0, 35042.37, 1.21, '20150925', '20170919']
[368, 31900.0, 4200.0, 34584.13, 1.22, '20150928', '20170920']
[368, 34100.0, 5000.0, 36465.99, 1.22, '20150929', '20170921']
[368, 32100.0, 4700.0, 34056.5, 1.21, '20150930', '20170922']
[368, 33000.0, 4100.0, 35652.86, 1.2, '20151008', '20170925']
[368, 32300.0, 4700.0, 34196.58, 1.2, '20151009', '20170926']
[368, 32300.0, 4800.0, 34164.96, 1.21, '20151012', '20170927']
[368, 31300.0, 4600.0, 33054.95, 1.2, '20151013', '20170928']
[368, 32400.0, 4700.0, 34555.56, 1.21, '20151014', '20170929']
[368, 32300.0, 5000.0, 34474.32, 1.22, '20151015', '20171009']
[368, 32000.0, 5100.0, 34126.51, 1.23, '20151016', '20171010']
[368, 32700.0, 5200.0, 35062.89, 1.23, '20151019', '20171011']
[368, 33300.0, 5200.0, 36011.15, 1.24, '20151020', '20171012']
[368, 32300.0, 5200.0, 34591.32, 1.23, '20151021', '20171013']
[368, 31400.0, 4900.0, 33405.99, 1.22, '20151022', '20171016']
[368, 32400.0, 4900.0, 35086.62, 1.23, '20151023', '20171017']
[368, 32500.0, 5100.0, 35360.47, 1.24, '20151026', '20171018']
[368, 32700.0, 4900.0, 36021.59, 1.25, '20151027', '20171019']
[368, 31700.0, 5200.0, 34243.95, 1.24, '20151028', '20171020']
[368, 31900.0, 5300.0, 34488.28, 1.25, '20151029', '20171023']
[368, 31600.0, 5200.0, 34476.08, 1.26, '20151030', '20171024']
[368, 32000.0, 5200.0, 34951.14, 1.25, '20151102', '20171025']
[368, 31800.0, 5200.0, 34712.06, 1.26, '20151103', '20171026']
[368, 31400.0, 5500.0, 34243.98, 1.27, '20151104', '20171027']
[368, 33200.0, 5300.0, 36578.33, 1.26, '20151105', '20171030']
[368, 31300.0, 5100.0, 34158.33, 1.25, '20151106', '20171031']
[368, 32700.0, 4900.0, 36051.86, 1.25, '20151109', '20171101']
[368, 32200.0, 5500.0, 34818.94, 1.25, '20151110', '20171102']
[368, 32300.0, 5500.0, 34881.53, 1.25, '20151111', '20171103']
[368, 31300.0, 5400.0, 33878.37, 1.25, '20151112', '20171106']
[368, 32400.0, 5500.0, 35686.14, 1.27, '20151113', '20171107']
[368, 32300.0, 5800.0, 35143.17, 1.27, '20151116', '20171108']
[368, 32000.0, 5900.0, 35003.44, 1.28, '20151117', '20171109']
[368, 32700.0, 6100.0, 36073.97, 1.29, '20151118', '20171110']
[368, 33300.0, 6100.0, 36993.14, 1.29, '20151119', '20171113']
[368, 32300.0, 6100.0, 35148.53, 1.28, '20151120', '20171114']
[368, 31400.0, 5600.0, 33983.73, 1.26, '20151123', '20171115']
[368, 32400.0, 5600.0, 36091.49, 1.29, '20151124', '20171116']
[368, 32500.0, 5800.0, 36200.19, 1.29, '20151125', '20171117']
[368, 32700.0, 5700.0, 37192.15, 1.31, '20151126', '20171120']
[368, 31700.0, 6100.0, 35949.0, 1.33, '20151127', '20171121']
[368, 31900.0, 6300.0, 35991.81, 1.33, '20151130', '20171122']
[368, 31600.0, 5800.0, 34973.55, 1.29, '20151201', '20171123']
[368, 32000.0, 5800.0, 35382.18, 1.29, '20151202', '20171124']
[368, 31800.0, 5700.0, 34408.56, 1.26, '20151203', '20171127']
[368, 31400.0, 5900.0, 34028.5, 1.27, '20151204', '20171128']
[368, 33200.0, 5700.0, 36502.27, 1.27, '20151207', '20171129']
[368, 31300.0, 5400.0, 33791.06, 1.25, '20151208', '20171130']
[368, 32700.0, 5200.0, 35832.01, 1.25, '20151209', '20171201']
[368, 32200.0, 5800.0, 34682.09, 1.26, '20151210', '20171204']
[368, 32300.0, 5800.0, 35055.94, 1.26, '20151211', '20171205']
[368, 31300.0, 5600.0, 33578.73, 1.25, '20151214', '20171206']
[368, 32400.0, 5600.0, 34737.29, 1.24, '20151215', '20171207']
[368, 32300.0, 6000.0, 34515.74, 1.25, '20151216', '20171208']
[368, 32000.0, 6300.0, 34485.13, 1.27, '20151217', '20171211']
[368, 32700.0, 6200.0, 34972.63, 1.26, '20151218', '20171212']
[368, 33300.0, 6400.0, 35845.16, 1.27, '20151221', '20171213']
[368, 32300.0, 6300.0, 34297.32, 1.26, '20151222', '20171214']
[368, 31400.0, 5700.0, 33051.84, 1.23, '20151223', '20171215']
[368, 32400.0, 5700.0, 34786.99, 1.25, '20151224', '20171218']
[368, 32500.0, 6100.0, 35110.21, 1.27, '20151225', '20171219']
[368, 32700.0, 5900.0, 35815.24, 1.28, '20151228', '20171220']
[368, 31700.0, 6400.0, 34256.67, 1.28, '20151229', '20171221']
[368, 31900.0, 6600.0, 34146.3, 1.28, '20151230', '20171222']
[368, 31600.0, 6000.0, 34208.78, 1.27, '20151231', '20171225']
[368, 32000.0, 6200.0, 34479.51, 1.27, '20160104', '20171226']
[368, 31800.0, 5900.0, 33703.3, 1.25, '20160105', '20171227']
[368, 31400.0, 6100.0, 33480.34, 1.26, '20160106', '20171228']
[368, 33200.0, 6000.0, 35979.75, 1.26, '20160107', '20171229']
[368, 31300.0, 5900.0, 33974.55, 1.27, '20160108', '20180102']
[368, 32700.0, 5800.0, 36124.06, 1.28, '20160111', '20180103']
[368, 32200.0, 6500.0, 34807.85, 1.28, '20160112', '20180104']
[368, 32300.0, 6500.0, 35108.54, 1.29, '20160113', '20180105']
[368, 31300.0, 6400.0, 33901.32, 1.29, '20160114', '20180108']
[368, 32400.0, 6400.0, 35802.85, 1.3, '20160115', '20180109']
[368, 32300.0, 6800.0, 35373.11, 1.31, '20160118', '20180110']
[368, 32000.0, 7100.0, 34704.31, 1.31, '20160119', '20180111']
[368, 32700.0, 7100.0, 35880.23, 1.31, '20160120', '20180112']
[368, 33300.0, 7200.0, 36560.61, 1.31, '20160121', '20180115']
[368, 32300.0, 7300.0, 35222.81, 1.32, '20160122', '20180116']
[368, 31400.0, 6700.0, 34268.98, 1.3, '20160125', '20180117']
[368, 32400.0, 6900.0, 36153.25, 1.33, '20160126', '20180118']
[368, 32500.0, 7400.0, 36013.74, 1.34, '20160127', '20180119']
[368, 32700.0, 7200.0, 37331.18, 1.36, '20160128', '20180122']
[368, 31700.0, 8000.0, 34885.02, 1.35, '20160129', '20180123']
[368, 31900.0, 8300.0, 34860.94, 1.35, '20160201', '20180124']
[368, 31600.0, 7600.0, 34963.67, 1.35, '20160202', '20180125']
[368, 31100.0, 7800.0, 34213.9, 1.35, '20160203', '20180126']
[368, 30800.0, 7300.0, 33394.07, 1.32, '20160204', '20180129']
[368, 30800.0, 7300.0, 33173.96, 1.31, '20160205', '20180130']
[368, 31400.0, 7200.0, 34294.46, 1.32, '20160215', '20180131']
[368, 29900.0, 7000.0, 31994.86, 1.3, '20160216', '20180201']
[368, 30400.0, 7000.0, 32835.43, 1.31, '20160217', '20180202']
[368, 29900.0, 7800.0, 31264.28, 1.31, '20160218', '20180205']
[368, 29600.0, 7200.0, 30555.91, 1.28, '20160219', '20180206']
[368, 28900.0, 6800.0, 29245.78, 1.25, '20160222', '20180207']
[368, 29400.0, 6500.0, 29995.54, 1.24, '20160223', '20180208']
[368, 29900.0, 6800.0, 28786.92, 1.19, '20160224', '20180209']
[368, 30000.0, 7100.0, 29224.16, 1.21, '20160225', '20180212']
[368, 30300.0, 7100.0, 29944.15, 1.22, '20160226', '20180213']
[368, 30400.0, 7200.0, 30159.25, 1.23, '20160229', '20180214']
[368, 29300.0, 7400.0, 29075.26, 1.24, '20160301', '20180222']
[368, 28500.0, 6900.0, 28476.64, 1.24, '20160302', '20180223']
[368, 28500.0, 7300.0, 28597.68, 1.26, '20160303', '20180226']
[368, 28500.0, 7600.0, 27959.14, 1.25, '20160304', '20180227']
[368, 28300.0, 7300.0, 27876.32, 1.24, '20160307', '20180228']
[368, 27700.0, 8200.0, 26462.29, 1.25, '20160308', '20180301']
[368, 27600.0, 8400.0, 25863.61, 1.24, '20160309', '20180302']
[368, 27700.0, 7700.0, 26771.49, 1.24, '20160310', '20180305']
[368, 27100.0, 8000.0, 26049.31, 1.26, '20160311', '20180306']
[368, 27000.0, 7500.0, 26017.26, 1.24, '20160314', '20180307']
[368, 26900.0, 7500.0, 26199.74, 1.25, '20160315', '20180308']
[368, 27400.0, 7500.0, 27114.62, 1.26, '20160316', '20180309']
[368, 26400.0, 7400.0, 25929.5, 1.26, '20160317', '20180312']
[368, 27000.0, 7300.0, 26546.12, 1.25, '20160318', '20180313']
[368, 26500.0, 7900.0, 25179.21, 1.25, '20160321', '20180314']
[368, 26200.0, 7400.0, 25423.47, 1.25, '20160322', '20180315']
[368, 25800.0, 6800.0, 25206.0, 1.24, '20160323', '20180316']
[368, 26200.0, 6600.0, 26113.48, 1.25, '20160324', '20180319']
[368, 26800.0, 7000.0, 26348.71, 1.24, '20160325', '20180320']
[368, 25900.0, 7200.0, 24666.76, 1.23, '20160328', '20180321']
[368, 26300.0, 7100.0, 24585.81, 1.2, '20160329', '20180322']
[368, 26500.0, 7200.0, 24144.26, 1.18, '20160330', '20180323']
[368, 25900.0, 7400.0, 23107.55, 1.18, '20160331', '20180326']
[368, 25500.0, 6900.0, 23388.11, 1.19, '20160401', '20180327']
[368, 25800.0, 7300.0, 22989.68, 1.17, '20160405', '20180328']
[368, 25800.0, 7600.0, 23282.39, 1.2, '20160406', '20180329']
[368, 25700.0, 7300.0, 23598.67, 1.2, '20160407', '20180330']
[368, 25200.0, 8200.0, 22058.77, 1.2, '20160408', '20180402']
[368, 25000.0, 8400.0, 21302.63, 1.19, '20160411', '20180403']
[368, 24800.0, 7700.0, 21732.77, 1.19, '20160412', '20180404']
[368, 24200.0, 8000.0, 20688.66, 1.19, '20160413', '20180409']
[368, 24100.0, 7500.0, 21437.24, 1.2, '20160414', '20180410']
[368, 23900.0, 7500.0, 21271.0, 1.2, '20160415', '20180411']
[368, 24500.0, 7500.0, 21865.43, 1.2, '20160418', '20180412']
[368, 23900.0, 7400.0, 21047.91, 1.19, '20160419', '20180413']
[368, 24900.0, 7300.0, 22054.15, 1.18, '20160420', '20180416']
[368, 25100.0, 7900.0, 21406.16, 1.17, '20160421', '20180417']
[368, 24500.0, 7400.0, 21165.46, 1.17, '20160422', '20180418']
[368, 24000.0, 6800.0, 21443.49, 1.18, '20160425', '20180419']
[368, 24300.0, 6600.0, 21601.86, 1.16, '20160426', '20180420']
[368, 25000.0, 7000.0, 22051.64, 1.16, '20160427', '20180423']
[368, 23600.0, 7200.0, 20446.01, 1.17, '20160428', '20180424']
[368, 23900.0, 7100.0, 20785.38, 1.17, '20160429', '20180425']
[368, 24800.0, 7200.0, 21047.63, 1.14, '20160503', '20180426']
[368, 24000.0, 7400.0, 19953.73, 1.14, '20160504', '20180427']
[368, 23800.0, 6900.0, 20294.22, 1.14, '20160505', '20180502']
[368, 24200.0, 7300.0, 20645.64, 1.15, '20160506', '20180503']
[368, 24300.0, 7600.0, 20524.55, 1.16, '20160509', '20180504']
[368, 23800.0, 7300.0, 20698.3, 1.18, '20160510', '20180507']
[368, 23000.0, 8200.0, 19138.31, 1.19, '20160511', '20180508']
[368, 23000.0, 8400.0, 18754.32, 1.18, '20160512', '20180509']
[368, 22700.0, 7700.0, 19260.47, 1.19, '20160513', '20180510']
[368, 22400.0, 8000.0, 18458.28, 1.18, '20160516', '20180511']
[368, 22300.0, 7500.0, 18987.77, 1.19, '20160517', '20180514']
[368, 21900.0, 7500.0, 18647.05, 1.19, '20160518', '20180515']
[368, 22500.0, 7500.0, 19227.71, 1.19, '20160519', '20180516']
[368, 21900.0, 7400.0, 18413.1, 1.18, '20160520', '20180517']
[368, 22400.0, 7300.0, 19340.9, 1.19, '20160523', '20180518']
[368, 22400.0, 7900.0, 18849.48, 1.19, '20160524', '20180521']
[368, 21800.0, 7400.0, 18496.46, 1.19, '20160525', '20180522']
[368, 21600.0, 6800.0, 18529.89, 1.17, '20160526', '20180523']
[368, 21900.0, 6600.0, 18911.8, 1.16, '20160527', '20180524']
[368, 22500.0, 7000.0, 19070.74, 1.16, '20160530', '20180525']
[368, 21000.0, 7200.0, 16996.79, 1.15, '20160531', '20180528']
[368, 21200.0, 7100.0, 17159.76, 1.14, '20160601', '20180529']
[368, 22500.0, 7200.0, 18032.97, 1.12, '20160602', '20180530']
[368, 21500.0, 7400.0, 16999.53, 1.13, '20160603', '20180531']
[368, 21400.0, 6900.0, 17269.71, 1.13, '20160606', '20180601']
[368, 21300.0, 7300.0, 16966.25, 1.14, '20160607', '20180604']
[368, 20900.0, 7600.0, 16364.29, 1.15, '20160608', '20180605']
[368, 20500.0, 7300.0, 16297.78, 1.15, '20160613', '20180606']
[368, 19700.0, 8200.0, 14506.02, 1.15, '20160614', '20180607']
[368, 19900.0, 8400.0, 14226.32, 1.14, '20160615', '20180608']
[368, 19500.0, 7700.0, 14487.29, 1.14, '20160616', '20180611']
[368, 19400.0, 8000.0, 14231.8, 1.15, '20160617', '20180612']
[368, 19400.0, 7500.0, 14548.7, 1.14, '20160620', '20180613']
[368, 18800.0, 7500.0, 13832.8, 1.13, '20160621', '20180614']
[368, 19400.0, 7500.0, 14514.26, 1.13, '20160622', '20180615']
[368, 19400.0, 7400.0, 14100.43, 1.11, '20160623', '20180619']
[368, 20000.0, 7300.0, 14908.31, 1.11, '20160624', '20180620']
[368, 20000.0, 7900.0, 14210.57, 1.11, '20160627', '20180621']
[368, 19400.0, 7400.0, 14003.9, 1.1, '20160628', '20180622']
[368, 19200.0, 6800.0, 14091.7, 1.09, '20160629', '20180625']
[368, 19600.0, 6600.0, 14570.53, 1.08, '20160630', '20180626']
[368, 20400.0, 7000.0, 14663.78, 1.06, '20160701', '20180627']
[368, 19500.0, 7200.0, 13431.84, 1.06, '20160704', '20180628']
[368, 19400.0, 7100.0, 13705.51, 1.07, '20160705', '20180629']
[368, 21200.0, 7200.0, 15017.22, 1.05, '20160706', '20180702']
[368, 20100.0, 7400.0, 13653.99, 1.05, '20160707', '20180703']
[368, 20200.0, 6900.0, 14058.95, 1.04, '20160708', '20180704']
[368, 20100.0, 7300.0, 13547.3, 1.04, '20160711', '20180705']
[368, 19700.0, 7600.0, 12979.47, 1.04, '20160712', '20180706']
[368, 18400.0, 7300.0, 12137.68, 1.06, '20160713', '20180709']
[368, 17600.0, 8200.0, 10566.15, 1.07, '20160714', '20180710']
[368, 18300.0, 8400.0, 10929.13, 1.06, '20160715', '20180711']
[368, 17400.0, 7700.0, 10800.88, 1.06, '20160718', '20180712']
[368, 17500.0, 8000.0, 10693.03, 1.07, '20160719', '20180713']
[368, 17600.0, 7500.0, 11185.49, 1.06, '20160720', '20180716']
[368, 17000.0, 7500.0, 10492.99, 1.06, '20160721', '20180717']
[368, 17700.0, 7500.0, 11240.04, 1.06, '20160722', '20180718']
[368, 17800.0, 7400.0, 11413.17, 1.06, '20160725', '20180719']
[368, 17700.0, 7300.0, 11584.93, 1.07, '20160726', '20180720']
[368, 17700.0, 7900.0, 11168.39, 1.08, '20160727', '20180723']
[368, 17000.0, 7400.0, 11014.37, 1.08, '20160728', '20180724']
[368, 16900.0, 6800.0, 11434.95, 1.08, '20160729', '20180725']
[368, 17400.0, 6600.0, 12035.49, 1.07, '20160801', '20180726']
[368, 18300.0, 7000.0, 12557.78, 1.07, '20160802', '20180727']
[368, 17700.0, 7200.0, 11712.33, 1.07, '20160803', '20180730']
[368, 17600.0, 7100.0, 11687.8, 1.07, '20160804', '20180731']
[368, 19700.0, 7200.0, 13478.8, 1.05, '20160805', '20180801']
[368, 19100.0, 7400.0, 12431.88, 1.04, '20160808', '20180802']
[368, 19200.0, 6900.0, 12814.58, 1.03, '20160809', '20180803']
[368, 19300.0, 7300.0, 12520.58, 1.03, '20160810', '20180806']
[368, 18800.0, 7600.0, 12105.63, 1.05, '20160811', '20180807']
[368, 17800.0, 7300.0, 11086.59, 1.03, '20160812', '20180808']
[368, 16700.0, 8200.0, 9413.15, 1.05, '20160815', '20180809']
[368, 17400.0, 8400.0, 9970.6, 1.06, '20160816', '20180810']
[368, 16600.0, 7700.0, 9642.32, 1.04, '20160817', '20180813']
[368, 16600.0, 8000.0, 9367.2, 1.05, '20160818', '20180814']
[368, 17000.0, 7500.0, 9997.32, 1.03, '20160819', '20180815']
[368, 16500.0, 7500.0, 9487.94, 1.03, '20160822', '20180816']
[368, 17300.0, 7500.0, 10203.88, 1.02, '20160823', '20180817']
[368, 17300.0, 7400.0, 10345.42, 1.03, '20160824', '20180820']
[368, 17200.0, 7300.0, 10476.42, 1.03, '20160825', '20180821']
[368, 17100.0, 7900.0, 9839.03, 1.04, '20160826', '20180822']
[368, 16300.0, 7400.0, 9434.71, 1.03, '20160829', '20180823']
[368, 16100.0, 6800.0, 9725.61, 1.03, '20160830', '20180824']
[368, 16300.0, 6600.0, 10303.68, 1.04, '20160831', '20180827']
[368, 17300.0, 7000.0, 10929.15, 1.04, '20160901', '20180828']
[368, 16900.0, 7200.0, 10348.63, 1.04, '20160902', '20180829']
[368, 17000.0, 7100.0, 10413.78, 1.03, '20160905', '20180830']
[368, 19200.0, 7200.0, 12456.14, 1.02, '20160906', '20180831']
[368, 18700.0, 7400.0, 11825.29, 1.03, '20160907', '20180903']
[368, 18800.0, 6900.0, 12522.74, 1.03, '20160908', '20180904']
[368, 19100.0, 7300.0, 12343.57, 1.03, '20160909', '20180905']
[368, 18500.0, 7600.0, 11412.86, 1.03, '20160912', '20180906']
[368, 17800.0, 7300.0, 10986.31, 1.03, '20160913', '20180907']
[368, 17200.0, 8200.0, 9568.38, 1.03, '20160914', '20180910']
[368, 17900.0, 8400.0, 10054.91, 1.03, '20160919', '20180911']
[368, 17100.0, 7700.0, 9728.83, 1.02, '20160920', '20180912']
[368, 16900.0, 8000.0, 9377.18, 1.03, '20160921', '20180913']
[368, 17400.0, 7500.0, 10326.44, 1.02, '20160922', '20180914']
[368, 16900.0, 7500.0, 9784.32, 1.02, '20160923', '20180917']
[368, 17500.0, 7500.0, 10595.53, 1.03, '20160926', '20180918']
[368, 17300.0, 7400.0, 10528.76, 1.04, '20160927', '20180919']
[368, 17100.0, 7300.0, 10364.77, 1.03, '20160928', '20180920']
[368, 16400.0, 7800.0, 9457.8, 1.05, '20160929', '20180921']
[368, 15700.0, 7400.0, 8953.32, 1.04, '20160930', '20180925']
[368, 15600.0, 6800.0, 9433.47, 1.04, '20161010', '20180926']
[368, 15900.0, 6600.0, 9844.39, 1.03, '20161011', '20180927']
[368, 16500.0, 7000.0, 10155.6, 1.04, '20161012', '20180928']
[368, 16700.0, 6400.0, 10469.8, 1.01, '20161013', '20181008']
[368, 16600.0, 6200.0, 10530.85, 1.01, '20161014', '20181009']
[368, 19100.0, 7200.0, 12233.66, 1.02, '20161017', '20181010']
[368, 19300.0, 6400.0, 12588.17, 0.98, '20161018', '20181011']
[368, 19200.0, 6900.0, 12341.25, 1.0, '20161019', '20181012']
[368, 19600.0, 6100.0, 13253.59, 0.99, '20161020', '20181015']
[368, 18800.0, 6100.0, 12395.67, 0.98, '20161021', '20181016']
[368, 18000.0, 5800.0, 11839.47, 0.98, '20161024', '20181017']
[368, 17700.0, 5500.0, 11605.93, 0.97, '20161025', '20181018']
[368, 18200.0, 5600.0, 12205.65, 0.98, '20161026', '20181019']
[368, 16900.0, 5200.0, 11728.9, 1.0, '20161027', '20181022']
[368, 17100.0, 5200.0, 11603.61, 0.98, '20161028', '20181023']
[368, 17600.0, 5700.0, 11800.61, 0.99, '20161031', '20181024']
[368, 17100.0, 5000.0, 11968.6, 0.99, '20161101', '20181025']
[368, 17500.0, 5000.0, 12240.78, 0.99, '20161102', '20181026']
[368, 17800.0, 4600.0, 12498.77, 0.96, '20161103', '20181029']
[368, 17600.0, 4900.0, 12137.48, 0.97, '20161104', '20181030']
[368, 17000.0, 4700.0, 11764.74, 0.97, '20161107', '20181031']
[368, 16300.0, 4400.0, 11443.79, 0.97, '20161108', '20181101']
[368, 16000.0, 4300.0, 11585.04, 0.99, '20161109', '20181102']
[368, 16500.0, 4500.0, 11771.69, 0.99, '20161110', '20181105']
[368, 17200.0, 4200.0, 12554.78, 0.97, '20161111', '20181106']
[368, 17500.0, 4000.0, 13052.12, 0.97, '20161114', '20181107']
[368, 17400.0, 4000.0, 12921.67, 0.97, '20161115', '20181108']
[368, 20000.0, 4800.0, 14671.88, 0.97, '20161116', '20181109']
[368, 20300.0, 4200.0, 15785.14, 0.98, '20161117', '20181112']
[368, 20200.0, 4500.0, 15560.81, 0.99, '20161118', '20181113']
[368, 20700.0, 4200.0, 16250.29, 0.99, '20161121', '20181114']
[368, 19800.0, 4000.0, 15684.32, 0.99, '20161122', '20181115']
[368, 19200.0, 3900.0, 15146.05, 0.99, '20161123', '20181116']
[368, 18700.0, 3800.0, 15050.1, 1.01, '20161124', '20181119']
[368, 19500.0, 3800.0, 15466.51, 0.99, '20161125', '20181120']
[368, 18100.0, 3100.0, 14474.41, 0.97, '20161128', '20181121']
[368, 18100.0, 3100.0, 14515.44, 0.97, '20161129', '20181122']
[368, 18400.0, 3000.0, 14673.85, 0.96, '20161130', '20181123']
[368, 18100.0, 2600.0, 14832.54, 0.96, '20161201', '20181126']
[368, 18400.0, 2500.0, 15184.48, 0.96, '20161202', '20181127']
[368, 18800.0, 2500.0, 15804.17, 0.97, '20161205', '20181128']
[368, 18700.0, 2600.0, 15416.54, 0.96, '20161206', '20181129']
[368, 18000.0, 2400.0, 14918.78, 0.96, '20161207', '20181130']
[368, 17100.0, 2100.0, 14562.99, 0.97, '20161208', '20181203']
[368, 16700.0, 2100.0, 14058.91, 0.97, '20161209', '20181204']
[368, 17500.0, 2500.0, 14472.49, 0.97, '20161212', '20181205']
[368, 18600.0, 2800.0, 15036.31, 0.96, '20161213', '20181206']
[368, 19000.0, 2600.0, 15713.45, 0.96, '20161214', '20181207']
[368, 18900.0, 2700.0, 15347.94, 0.95, '20161215', '20181210']
[368, 21300.0, 2900.0, 17564.58, 0.96, '20161216', '20181211']
[368, 21700.0, 2900.0, 18196.28, 0.97, '20161219', '20181212']
[368, 21300.0, 2800.0, 18088.51, 0.98, '20161220', '20181213']
[368, 22100.0, 2600.0, 18913.7, 0.97, '20161221', '20181214']
[368, 21500.0, 2800.0, 18108.44, 0.97, '20161222', '20181217']
[368, 21000.0, 2700.0, 17452.43, 0.96, '20161223', '20181218']
[368, 20600.0, 2500.0, 17253.43, 0.96, '20161226', '20181219']
[368, 21600.0, 2800.0, 17833.61, 0.96, '20161227', '20181220']
[368, 20500.0, 2400.0, 16760.14, 0.93, '20161228', '20181221']
[368, 20400.0, 2300.0, 16846.8, 0.94, '20161229', '20181224']
[368, 20700.0, 1800.0, 17597.21, 0.94, '20161230', '20181225']
[368, 20400.0, 1800.0, 17268.23, 0.93, '20170103', '20181226']
[368, 20800.0, 1700.0, 17740.12, 0.93, '20170104', '20181227']
[368, 21000.0, 1400.0, 18164.95, 0.93, '20170105', '20181228']
[368, 21100.0, 1500.0, 17946.84, 0.92, '20170106', '20190102']
[368, 20500.0, 1200.0, 17509.2, 0.91, '20170109', '20190103']
[368, 19400.0, 1400.0, 16585.31, 0.93, '20170110', '20190104']
[368, 18900.0, 1300.0, 16122.46, 0.92, '20170111', '20190107']
[368, 19400.0, 1200.0, 16678.09, 0.92, '20170112', '20190108']
[368, 20400.0, 1400.0, 17551.87, 0.93, '20170113', '20190109']
[368, 20800.0, 1300.0, 18190.19, 0.94, '20170116', '20190110']
[368, 20400.0, 900.0, 18243.86, 0.94, '20170117', '20190111']
[368, 22900.0, 1800.0, 19780.55, 0.94, '20170118', '20190114']
[368, 23300.0, 1600.0, 20730.89, 0.96, '20170119', '20190115']
[368, 22800.0, 1300.0, 20053.23, 0.94, '20170120', '20190116']
[368, 23800.0, 1400.0, 21019.9, 0.94, '20170123', '20190117']
[368, 23000.0, 1700.0, 20346.53, 0.96, '20170124', '20190118']
[368, 22500.0, 1300.0, 20239.67, 0.96, '20170125', '20190121']
[368, 22300.0, 1400.0, 19862.44, 0.95, '20170126', '20190122']
[368, 23100.0, 1400.0, 20545.64, 0.95, '20170203', '20190123']
[368, 22000.0, 1200.0, 19764.86, 0.95, '20170206', '20190124']
[368, 21800.0, 1100.0, 19762.02, 0.96, '20170207', '20190125']
[368, 22200.0, 900.0, 20552.96, 0.97, '20170208', '20190128']
[368, 22000.0, 800.0, 20621.83, 0.97, '20170209', '20190129']
[368, 22600.0, 700.0, 21135.54, 0.97, '20170210', '20190130']
[368, 22800.0, 400.0, 21724.5, 0.97, '20170213', '20190131']
[368, 22700.0, 700.0, 21724.41, 0.99, '20170214', '20190201']
[368, 22000.0, 700.0, 21156.39, 0.99, '20170215', '20190211']
[368, 20900.0, 800.0, 19912.67, 0.99, '20170216', '20190212']
[368, 20000.0, 400.0, 19530.23, 1.0, '20170217', '20190213']
[368, 20500.0, 400.0, 20086.0, 1.0, '20170220', '20190214']
[368, 21700.0, 400.0, 21007.14, 0.99, '20170221', '20190215']
[368, 21700.0, 500.0, 21633.62, 1.02, '20170222', '20190218']
[368, 21300.0, 500.0, 21104.71, 1.01, '20170223', '20190219']
[368, 23900.0, 800.0, 23609.14, 1.02, '20170224', '20190220']
[368, 24300.0, 900.0, 24016.89, 1.03, '20170227', '20190221']
[368, 23700.0, 700.0, 24093.09, 1.05, '20170228', '20190222']
[368, 23900.0, 800.0, 26180.6, 1.13, '20170301', '20190225']
[368, 23100.0, 1000.0, 24425.84, 1.1, '20170302', '20190226']
[368, 22600.0, 1000.0, 23713.87, 1.09, '20170303', '20190227']
[368, 22600.0, 1000.0, 23821.17, 1.1, '20170306', '20190228']
[368, 23000.0, 1000.0, 24776.28, 1.12, '20170307', '20190301']
[368, 21900.0, 800.0, 23920.56, 1.13, '20170308', '20190304']
[368, 21600.0, 800.0, 23814.28, 1.14, '20170309', '20190305']
[368, 21900.0, 600.0, 24768.71, 1.16, '20170310', '20190306']
[368, 21800.0, 600.0, 20590.21, 0.97, '20170313', '20190307']
[368, 23000.0, 500.0, 24990.11, 1.11, '20170314', '20190308']
[368, 23200.0, 400.0, 25571.11, 1.12, '20170315', '20190311']
[368, 22900.0, 700.0, 25128.01, 1.13, '20170316', '20190312']
[368, 22400.0, 700.0, 24204.14, 1.11, '20170317', '20190313']
[368, 21400.0, 800.0, 22581.26, 1.09, '20170320', '20190314']
[368, 20400.0, 400.0, 21898.79, 1.09, '20170321', '20190315']
[368, 20500.0, 400.0, 20086.0, 1.0, '20170322', '20190318']
[368, 21700.0, 400.0, 21007.14, 0.99, '20170323', '20190319']
[368, 21700.0, 500.0, 21633.62, 1.02, '20170324', '20190320']
[368, 21300.0, 600.0, 23435.84, 1.13, '20170327', '20190321']
[368, 23900.0, 900.0, 26194.18, 1.13, '20170328', '20190322']
[368, 24500.0, 900.0, 26315.05, 1.11, '20170329', '20190325']
[368, 24100.0, 700.0, 25647.86, 1.09, '20170330', '20190326']
[368, 24200.0, 800.0, 26147.71, 1.11, '20170331', '20190327']
[368, 23600.0, 1000.0, 25104.56, 1.11, '20170405', '20190328']
[368, 22700.0, 1000.0, 25099.72, 1.15, '20170406', '20190329']
[368, 22600.0, 1300.0, 25511.15, 1.19, '20170407', '20190401']
[368, 23000.0, 1300.0, 25961.0, 1.19, '20170410', '20190402']
[368, 21900.0, 1300.0, 24927.87, 1.2, '20170411', '20190403']
[368, 21600.0, 1400.0, 24796.06, 1.21, '20170412', '20190404']
[368, 21900.0, 1200.0, 25466.89, 1.22, '20170413', '20190408']
[368, 21800.0, 1200.0, 25581.1, 1.23, '20170414', '20190409']
[368, 23000.0, 1100.0, 27154.66, 1.23, '20170417', '20190410']
[368, 23200.0, 800.0, 27142.36, 1.2, '20170418', '20190411']
[368, 22900.0, 1000.0, 26489.75, 1.2, '20170419', '20190412']
[368, 22400.0, 1100.0, 25394.72, 1.18, '20170420', '20190415']
[368, 21400.0, 1600.0, 24176.61, 1.2, '20170421', '20190416']
[368, 20400.0, 1300.0, 22945.35, 1.19, '20170424', '20190417']
[368, 20500.0, 1200.0, 23206.23, 1.19, '20170425', '20190418']
[368, 21700.0, 1300.0, 25005.24, 1.21, '20170426', '20190419']
[368, 21700.0, 1100.0, 24676.98, 1.19, '20170427', '20190422']
[368, 21300.0, 1100.0, 24075.77, 1.18, '20170428', '20190423']
[368, 23900.0, 1400.0, 26973.45, 1.19, '20170502', '20190424']
[368, 24500.0, 1000.0, 27617.49, 1.17, '20170503', '20190425']
[368, 24200.0, 700.0, 27025.05, 1.15, '20170504', '20190426']
[368, 24400.0, 800.0, 27519.34, 1.16, '20170505', '20190429']
[368, 24000.0, 1000.0, 26713.52, 1.15, '20170508', '20190430']
[368, 23900.0, 1000.0, 25028.19, 1.09, '20170509', '20190506']
[368, 23700.0, 1300.0, 24927.12, 1.11, '20170510', '20190507']
[368, 24300.0, 1300.0, 25275.59, 1.09, '20170511', '20190508']
[368, 23400.0, 1300.0, 23894.73, 1.08, '20170512', '20190509']
[368, 22600.0, 1400.0, 23708.36, 1.11, '20170515', '20190510']
[368, 23100.0, 1200.0, 24243.88, 1.1, '20170516', '20190513']
[368, 23100.0, 1200.0, 24196.98, 1.1, '20170517', '20190514']
[368, 24000.0, 1100.0, 25790.48, 1.12, '20170518', '20190515']
[368, 24100.0, 800.0, 26235.59, 1.12, '20170519', '20190516']
[368, 24200.0, 1000.0, 25554.55, 1.1, '20170522', '20190517']
[368, 23700.0, 1100.0, 24442.12, 1.08, '20170523', '20190520']
[368, 22500.0, 1600.0, 22750.43, 1.08, '20170524', '20190521']
[368, 21400.0, 1100.0, 21713.83, 1.07, '20170525', '20190522']
[368, 21800.0, 1100.0, 21870.24, 1.05, '20170526', '20190523']
[368, 23000.0, 1300.0, 23084.25, 1.06, '20170531', '20190524']
[368, 22700.0, 700.0, 23664.56, 1.07, '20170601', '20190527']
[368, 22000.0, 700.0, 22996.52, 1.08, '20170602', '20190528']
[368, 24400.0, 900.0, 25491.18, 1.08, '20170605', '20190529']
[368, 24900.0, 400.0, 26582.63, 1.08, '20170606', '20190530']
[368, 24600.0, 100.0, 26254.68, 1.07, '20170607', '20190531']
[368, 24700.0, 100.0, 26660.75, 1.08, '20170608', '20190603']
[368, 24400.0, 0.0, 26014.41, 1.07, '20170609', '20190604']
[368, 24200.0, 100.0, 25623.19, 1.06, '20170612', '20190605']
[368, 24100.0, 300.0, 25271.34, 1.06, '20170613', '20190606']
[368, 24700.0, 400.0, 26168.67, 1.08, '20170614', '20190610']
[368, 23600.0, 600.0, 25456.78, 1.1, '20170615', '20190611']
[368, 22800.0, 600.0, 24436.65, 1.1, '20170616', '20190612']
[368, 23400.0, 700.0, 25223.64, 1.11, '20170619', '20190613']
[368, 23400.0, 600.0, 25229.39, 1.1, '20170620', '20190614']
[368, 24300.0, 600.0, 26230.66, 1.1, '20170621', '20190617']
[368, 24400.0, 400.0, 26516.07, 1.1, '20170622', '20190618']
[368, 24200.0, 300.0, 26763.84, 1.12, '20170623', '20190619']
[368, 23300.0, 400.0, 26251.85, 1.14, '20170626', '20190620']
[368, 22100.0, 800.0, 24285.01, 1.14, '20170627', '20190621']
[368, 21300.0, 900.0, 23068.78, 1.13, '20170628', '20190624']
[368, 21900.0, 800.0, 23673.98, 1.12, '20170629', '20190625']
[368, 23100.0, 1100.0, 24810.06, 1.12, '20170630', '20190626']
[368, 22700.0, 700.0, 25112.05, 1.14, '20170703', '20190627']
[368, 22000.0, 600.0, 24376.38, 1.14, '20170704', '20190628']
[368, 24000.0, 600.0, 25337.34, 1.08, '20170705', '20190701']
[368, 24600.0, 100.0, 26538.23, 1.08, '20170706', '20190702']
[368, 24400.0, 0.0, 26139.72, 1.07, '20170707', '20190703']
[368, 24700.0, 0.0, 28659.88, 1.16, '20170710', '20190704']
[368, 24300.0, 0.0, 25913.85, 1.07, '20170711', '20190705']
[368, 24500.0, 0.0, 27663.21, 1.13, '20170712', '20190708']
[368, 24500.0, 300.0, 27470.36, 1.13, '20170713', '20190709']
[368, 25100.0, 300.0, 28169.42, 1.13, '20170714', '20190710']
[368, 23900.0, 500.0, 26506.56, 1.13, '20170717', '20190711']
[368, 23000.0, 600.0, 25658.11, 1.14, '20170718', '20190712']
[368, 23700.0, 700.0, 26732.9, 1.16, '20170719', '20190715']
[368, 23700.0, 600.0, 26787.42, 1.16, '20170720', '20190716']
[368, 24600.0, 600.0, 27773.27, 1.15, '20170721', '20190717']
[368, 24900.0, 400.0, 28031.76, 1.14, '20170724', '20190718']
[368, 24500.0, 300.0, 27973.88, 1.15, '20170725', '20190719']
[368, 23800.0, 400.0, 26676.71, 1.14, '20170726', '20190722']
[368, 22500.0, 800.0, 24628.24, 1.13, '20170727', '20190723']
[368, 21500.0, 900.0, 23364.51, 1.13, '20170728', '20190724']
[368, 22100.0, 800.0, 24432.19, 1.14, '20170731', '20190725']
[368, 23300.0, 1100.0, 25620.89, 1.15, '20170801', '20190726']
[368, 22900.0, 700.0, 25611.31, 1.15, '20170802', '20190729']
[368, 22100.0, 600.0, 24886.97, 1.15, '20170803', '20190730']
[368, 24200.0, 600.0, 27230.19, 1.15, '20170804', '20190731']
[368, 24900.0, 100.0, 28365.09, 1.14, '20170807', '20190801']
[368, 24900.0, 0.0, 27856.02, 1.12, '20170808', '20190802']
[368, 25500.0, 0.0, 28240.31, 1.11, '20170809', '20190805']
[368, 25200.0, 0.0, 27453.26, 1.09, '20170810', '20190806']
[368, 25400.0, 0.0, 27415.09, 1.08, '20170811', '20190807']
[368, 25300.0, 300.0, 27580.37, 1.1, '20170814', '20190808']
[368, 26000.0, 300.0, 28141.0, 1.09, '20170815', '20190809']
[368, 24600.0, 500.0, 26735.21, 1.11, '20170816', '20190812']
[368, 23800.0, 600.0, 25586.2, 1.1, '20170817', '20190813']
[368, 24400.0, 700.0, 26527.75, 1.12, '20170818', '20190814']
[368, 24400.0, 600.0, 26792.19, 1.12, '20170821', '20190815']
[368, 25300.0, 600.0, 27910.16, 1.13, '20170822', '20190816']
[368, 25200.0, 400.0, 28603.13, 1.15, '20170823', '20190819']
[368, 24800.0, 300.0, 28136.25, 1.15, '20170824', '20190820']
[368, 24100.0, 400.0, 27046.32, 1.14, '20170825', '20190821']
[368, 22800.0, 800.0, 24985.95, 1.13, '20170828', '20190822']
[368, 21800.0, 900.0, 23694.68, 1.13, '20170829', '20190823']
[368, 22600.0, 800.0, 24475.68, 1.12, '20170830', '20190826']
[368, 23600.0, 1100.0, 25672.02, 1.13, '20170831', '20190827']
[368, 23200.0, 700.0, 25622.81, 1.13, '20170901', '20190828']
[368, 22500.0, 600.0, 24823.98, 1.13, '20170904', '20190829']
[368, 24600.0, 600.0, 27385.57, 1.14, '20170905', '20190830']
[368, 25100.0, 100.0, 28888.42, 1.15, '20170906', '20190902']
[368, 25100.0, 0.0, 28840.18, 1.15, '20170907', '20190903']
[368, 25600.0, 0.0, 30018.85, 1.17, '20170908', '20190904']
[368, 25200.0, 100.0, 29566.75, 1.18, '20170911', '20190905']
[368, 25400.0, 100.0, 29920.72, 1.18, '20170912', '20190906']
[368, 25300.0, 600.0, 29582.44, 1.19, '20170913', '20190909']
[368, 26000.0, 600.0, 30345.3, 1.19, '20170914', '20190910']
[368, 24600.0, 800.0, 28150.65, 1.18, '20170915', '20190911']
[368, 23800.0, 1000.0, 27343.58, 1.19, '20170918', '20190912']
[368, 24400.0, 1100.0, 28157.43, 1.2, '20170919', '20190916']
[368, 24400.0, 700.0, 28105.69, 1.18, '20170920', '20190917']
[368, 25300.0, 800.0, 29183.79, 1.19, '20170921', '20190918']
[368, 25200.0, 600.0, 29351.88, 1.19, '20170922', '20190919']
[368, 24800.0, 600.0, 28934.47, 1.19, '20170925', '20190920']
[368, 24100.0, 500.0, 27762.92, 1.17, '20170926', '20190923']
[368, 22800.0, 1000.0, 25506.32, 1.16, '20170927', '20190924']
[368, 21800.0, 900.0, 23694.68, 1.13, '20170928', '20190925']
[368, 22700.0, 800.0, 25041.71, 1.14, '20170929', '20190926']
[368, 23700.0, 1100.0, 26050.34, 1.15, '20171009', '20190927']
[368, 23400.0, 700.0, 25869.25, 1.14, '20171010', '20190930']
[368, 22600.0, 600.0, 25201.17, 1.14, '20171011', '20191008']
[368, 24700.0, 600.0, 27797.66, 1.15, '20171012', '20191009']
[368, 25100.0, 200.0, 29003.02, 1.16, '20171013', '20191010']
[368, 25100.0, 200.0, 29178.9, 1.17, '20171016', '20191011']
[368, 25600.0, 400.0, 30020.92, 1.19, '20171017', '20191014']
[368, 25200.0, 400.0, 29288.96, 1.18, '20171018', '20191015']
[368, 25400.0, 400.0, 29337.96, 1.17, '20171019', '20191016']
[368, 25300.0, 900.0, 28930.7, 1.18, '20171020', '20191017']
[368, 26000.0, 700.0, 29529.25, 1.16, '20171023', '20191018']
[368, 24600.0, 900.0, 27649.2, 1.16, '20171024', '20191021']
[368, 23800.0, 1200.0, 26581.54, 1.17, '20171025', '20191022']
[368, 24400.0, 1200.0, 27427.67, 1.17, '20171026', '20191023']
[368, 24400.0, 800.0, 27920.32, 1.18, '20171027', '20191024']
[368, 25300.0, 900.0, 29047.02, 1.18, '20171030', '20191025']
[368, 25200.0, 700.0, 29244.52, 1.19, '20171031', '20191028']
[368, 24800.0, 600.0, 28934.47, 1.19, '20171101', '20190920']
[368, 24100.0, 500.0, 27762.92, 1.17, '20171102', '20190923']
[368, 22800.0, 1000.0, 25506.32, 1.16, '20171103', '20190924']
[368, 21800.0, 900.0, 23694.68, 1.13, '20171106', '20190925']
[368, 22700.0, 800.0, 25041.71, 1.14, '20171107', '20190926']
[368, 23700.0, 1100.0, 26050.34, 1.15, '20171108', '20190927']
[368, 23400.0, 700.0, 25869.25, 1.14, '20171109', '20190930']
[368, 22600.0, 600.0, 25201.17, 1.14, '20171110', '20191008']
[368, 24700.0, 600.0, 27797.66, 1.15, '20171113', '20191009']
[368, 25100.0, 200.0, 29003.02, 1.16, '20171114', '20191010']
[368, 25100.0, 200.0, 29178.9, 1.17, '20171115', '20191011']
[368, 25600.0, 400.0, 30020.92, 1.19, '20171116', '20191014']
[368, 25200.0, 400.0, 29288.96, 1.18, '20171117', '20191015']
[368, 25400.0, 400.0, 29337.96, 1.17, '20171120', '20191016']
[368, 25300.0, 900.0, 28930.7, 1.18, '20171121', '20191017']
[368, 26000.0, 700.0, 29529.25, 1.16, '20171122', '20191018']
[368, 24600.0, 900.0, 27649.2, 1.16, '20171123', '20191021']
[368, 23800.0, 1200.0, 26581.54, 1.17, '20171124', '20191022']
[368, 24400.0, 1200.0, 27427.67, 1.17, '20171127', '20191023']
[368, 24400.0, 800.0, 27920.32, 1.18, '20171128', '20191024']
[368, 25300.0, 900.0, 29047.02, 1.18, '20171129', '20191025']
[368, 25200.0, 700.0, 29244.52, 1.19, '20171130', '20191028']
[368, 24800.0, 600.0, 28934.47, 1.19, '20171201', '20190920']
[368, 24100.0, 500.0, 27762.92, 1.17, '20171204', '20190923']
[368, 22800.0, 1000.0, 25506.32, 1.16, '20171205', '20190924']
[368, 21800.0, 900.0, 23694.68, 1.13, '20171206', '20190925']
[368, 22700.0, 800.0, 25041.71, 1.14, '20171207', '20190926']
[368, 23700.0, 1100.0, 26050.34, 1.15, '20171208', '20190927']
[368, 23400.0, 700.0, 25869.25, 1.14, '20171211', '20190930']
[368, 22600.0, 600.0, 25201.17, 1.14, '20171212', '20191008']
[368, 24700.0, 600.0, 27797.66, 1.15, '20171213', '20191009']
[368, 25100.0, 200.0, 29003.02, 1.16, '20171214', '20191010']
[368, 25100.0, 200.0, 29178.9, 1.17, '20171215', '20191011']
[368, 25600.0, 400.0, 30020.92, 1.19, '20171218', '20191014']
67.234375
