以上证固定天数的pb均线为依据，以固定的买卖方针，展示最近一年的买卖明细
D:\stock\no04_pb>python no04_pb.py
请输入pb均线天数:248
请输入证券代码:
20181029
['操作日期', 'PB-PB*', '本次单价', '本次买入金额', '本次卖出金额', '累计买入金额
', '累计卖出金额', '股票剩余资产']
        操作日期  PB-PB*   本次单价  本次买入金额  本次卖出金额  累计买入金额
累计卖出金额    股票剩余资产
0   20181029   -0.27  3.131  2700.0     0.0  2700.0     0.0   2700.00
1   20181128   -0.25  3.234  2500.0     0.0  5200.0     0.0   5288.82
2   20181228   -0.25  3.059  2500.0     0.0  7700.0     0.0   7502.63
3   20190131   -0.16  3.202  1600.0     0.0  9300.0     0.0   9453.36
4   20190311    0.06  3.710     0.0   600.0  9300.0   600.0  10353.14
5   20190411    0.14  3.996     0.0  1400.0  9300.0  2000.0   9751.25
6   20190618   -0.01  3.681   100.0     0.0  9400.0  2000.0   9082.57
7   20190718    0.02  3.822     0.0   200.0  9400.0  2200.0   9230.48
8   20190819    0.02  3.859     0.0   200.0  9400.0  2400.0   9119.84
9   20190919    0.06  3.987     0.0   600.0  9400.0  3000.0   8822.34
10  20191028    0.03  3.986     0.0   300.0  9400.0  3300.0   8520.12
0.5625